Attempting to connect to WJHC6HM
Version is 1.41b.57
[ElShisha​#9562] Leader is Monkey D. Luffy ["OP13-001">OP13-001]
[You] Will select turn order
jmi​#8380 Has Connected
Version is 1.41b.57
[jmi​#8380] Leader is Dracule Mihawk ["OP14-020">OP14-020]
RZ1|HDR|1.41b|2|RZ1
RZ1|PLY|1|jmi​#8380|OP14-020
RZ1|PLY|2|ElShisha​#9562|OP13-001
RZ1|1|1|OP13-040|0|44|0|0|0|0|0|0|0
RZ1|CHK|1|1|50|0|0|0|10|0|0|0|1|0
RZ1|2|1|OP13-031|0|31|0|1|0|0|0|0|0
RZ1|CHK|2|1|50|0|0|0|10|0|0|0|1|0
RZ1|3|1|OP14-119|0|35|0|2|0|0|0|0|0
RZ1|CHK|3|1|50|0|0|0|10|0|0|0|1|0
RZ1|4|1|ST32-001|0|11|0|3|0|0|0|0|0
RZ1|CHK|4|1|50|0|0|0|10|0|0|0|1|0
RZ1|5|1|OP13-031|0|30|0|4|0|0|0|0|0
RZ1|CHK|5|1|50|0|0|0|10|0|0|0|1|0
RZ1|6|1|OP14-033|0|26|0|5|0|0|0|0|0
RZ1|CHK|6|1|50|0|0|0|10|0|0|0|1|0
RZ1|7|1|OP13-040|0|45|0|6|0|0|0|0|0
RZ1|CHK|7|1|50|0|0|0|10|0|0|0|1|0
RZ1|8|1|OP06-038|0|42|0|7|0|0|0|0|0
RZ1|CHK|8|1|50|0|0|0|10|0|0|0|1|0
RZ1|9|1|OP14-033|0|27|0|8|0|0|0|0|0
RZ1|CHK|9|1|50|0|0|0|10|0|0|0|1|0
RZ1|10|1|OP12-034|0|11|0|9|0|0|0|0|0
RZ1|CHK|10|1|50|0|0|0|10|0|0|0|1|0
RZ1|11|1|OP15-035|0|14|0|10|0|0|0|0|0
RZ1|CHK|11|1|50|0|0|0|10|0|0|0|1|0
RZ1|12|1|OP12-031|0|24|0|11|0|0|0|0|0
RZ1|CHK|12|1|50|0|0|0|10|0|0|0|1|0
RZ1|13|1|OP12-031|0|25|0|12|0|0|0|0|0
RZ1|CHK|13|1|50|0|0|0|10|0|0|0|1|0
RZ1|14|1|OP12-034|0|15|0|13|0|0|0|0|0
RZ1|CHK|14|1|50|0|0|0|10|0|0|0|1|0
RZ1|15|1|OP12-031|0|26|0|14|0|0|0|0|0
RZ1|CHK|15|1|50|0|0|0|10|0|0|0|1|0
RZ1|16|1|OP13-040|0|45|0|15|0|0|0|0|0
RZ1|CHK|16|1|50|0|0|0|10|0|0|0|1|0
RZ1|17|1|OP15-035|0|18|0|16|0|0|0|0|0
RZ1|CHK|17|1|50|0|0|0|10|0|0|0|1|0
RZ1|18|1|OP13-031|0|34|0|17|0|0|0|0|0
RZ1|CHK|18|1|50|0|0|0|10|0|0|0|1|0
RZ1|19|1|OP06-038|0|43|0|18|0|0|0|0|0
RZ1|CHK|19|1|50|0|0|0|10|0|0|0|1|0
RZ1|20|1|OP08-036|0|47|0|19|0|0|0|0|0
RZ1|CHK|20|1|50|0|0|0|10|0|0|0|1|0
RZ1|21|1|OP15-035|0|22|0|20|0|0|0|0|0
RZ1|CHK|21|1|50|0|0|0|10|0|0|0|1|0
RZ1|22|1|OP13-040|0|47|0|22|0|0|0|0|0
RZ1|CHK|22|1|50|0|0|0|10|0|0|0|1|0
RZ1|23|1|ST32-005|0|30|0|23|0|0|0|0|0
RZ1|CHK|23|1|50|0|0|0|10|0|0|0|1|0
RZ1|24|1|ST32-002|0|37|0|24|0|0|0|0|0
RZ1|CHK|24|1|50|0|0|0|10|0|0|0|1|0
RZ1|25|1|OP08-036|0|48|0|25|0|0|0|0|0
RZ1|CHK|25|1|50|0|0|0|10|0|0|0|1|0
RZ1|26|1|OP14-119|0|42|0|26|0|0|0|0|0
RZ1|CHK|26|1|50|0|0|0|10|0|0|0|1|0
RZ1|27|1|OP14-039|0|49|0|27|0|0|0|0|0
RZ1|CHK|27|1|50|0|0|0|10|0|0|0|1|0
RZ1|28|1|ST32-002|0|39|0|28|0|0|0|0|0
RZ1|CHK|28|1|50|0|0|0|10|0|0|0|1|0
RZ1|29|1|OP12-037|0|49|0|29|0|0|0|0|0
RZ1|CHK|29|1|50|0|0|0|10|0|0|0|1|0
RZ1|30|1|OP13-031|0|42|0|30|0|0|0|0|0
RZ1|CHK|30|1|50|0|0|0|10|0|0|0|1|0
RZ1|31|1|ST24-004|0|47|0|32|0|0|0|0|0
RZ1|CHK|31|1|50|0|0|0|10|0|0|0|1|0
RZ1|32|1|ST24-004|0|48|0|33|0|0|0|0|0
RZ1|CHK|32|1|50|0|0|0|10|0|0|0|1|0
RZ1|33|1|ST32-005|0|40|0|34|0|0|0|0|0
RZ1|CHK|33|1|50|0|0|0|10|0|0|0|1|0
RZ1|34|1|ST32-002|0|44|0|35|0|0|0|0|0
RZ1|CHK|34|1|50|0|0|0|10|0|0|0|1|0
RZ1|35|1|OP14-119|0|47|0|36|0|0|0|0|0
RZ1|CHK|35|1|50|0|0|0|10|0|0|0|1|0
RZ1|36|1|OP14-033|0|44|0|37|0|0|0|0|0
RZ1|CHK|36|1|50|0|0|0|10|0|0|0|1|0
RZ1|37|1|ST32-005|0|43|0|38|0|0|0|0|0
RZ1|CHK|37|1|50|0|0|0|10|0|0|0|1|0
RZ1|38|1|ST32-002|0|45|0|39|0|0|0|0|0
RZ1|CHK|38|1|50|0|0|0|10|0|0|0|1|0
RZ1|39|1|ST32-001|0|43|0|40|0|0|0|0|0
RZ1|CHK|39|1|50|0|0|0|10|0|0|0|1|0
RZ1|40|1|OP14-033|0|45|0|41|0|0|0|0|0
RZ1|CHK|40|1|50|0|0|0|10|0|0|0|1|0
RZ1|41|1|ST32-003|0|46|0|42|0|0|0|0|0
RZ1|CHK|41|1|50|0|0|0|10|0|0|0|1|0
RZ1|42|1|ST32-005|0|46|0|43|0|0|0|0|0
RZ1|CHK|42|1|50|0|0|0|10|0|0|0|1|0
RZ1|43|1|OP12-037|0|49|0|44|0|0|0|0|0
RZ1|CHK|43|1|50|0|0|0|10|0|0|0|1|0
RZ1|44|1|ST32-001|0|47|0|45|0|0|0|0|0
RZ1|CHK|44|1|50|0|0|0|10|0|0|0|1|0
RZ1|45|1|ST24-004|0|49|0|46|0|0|0|0|0
RZ1|CHK|45|1|50|0|0|0|10|0|0|0|1|0
RZ1|46|1|ST32-003|0|49|0|47|0|0|0|0|0
RZ1|CHK|46|1|50|0|0|0|10|0|0|0|1|0
[jmi​#8380] Drew card from deck: Kin'emon ["ST32-001">ST32-001]
RZ1|47|1|ST32-001|0|49|1|0|1|1|0|0|0
RZ1|CHK|47|1|49|1|0|0|10|0|0|0|1|0
[jmi​#8380] Drew card from deck: Laboon ["OP15-035">OP15-035]
RZ1|48|1|OP15-035|0|48|1|1|1|1|0|0|0
RZ1|CHK|48|1|48|2|0|0|10|0|0|0|1|0
[jmi​#8380] Drew card from deck: Dracule Mihawk ["ST32-003">ST32-003]
RZ1|49|1|ST32-003|0|47|1|2|1|1|0|0|0
RZ1|CHK|49|1|47|3|0|0|10|0|0|0|1|0
[jmi​#8380] Drew card from deck: Law & Bepo ["ST24-004">ST24-004]
RZ1|50|1|ST24-004|0|46|1|3|1|1|0|0|0
RZ1|CHK|50|1|46|4|0|0|10|0|0|0|1|0
[jmi​#8380] Drew card from deck: Kin'emon ["ST32-001">ST32-001]
RZ1|51|1|ST32-001|0|45|1|4|1|1|0|0|0
RZ1|CHK|51|1|45|5|0|0|10|0|0|0|1|0
[jmi​#8380] Hand before Mulligan: [ST32-001,OP15-035,ST32-003,ST24-004,ST32-001]
[jmi​#8380] Chose to go Second
RZ1|52|2|ST31-004|0|14|0|0|0|0|0|0|0
RZ1|CHK|52|2|50|0|0|0|10|0|0|0|1|0
RZ1|53|2|OP14-022|0|22|0|1|0|0|0|0|0
RZ1|CHK|53|2|50|0|0|0|10|0|0|0|1|0
RZ1|54|2|OP08-036|0|45|0|2|0|0|0|0|0
RZ1|CHK|54|2|50|0|0|0|10|0|0|0|1|0
RZ1|55|2|OP13-027|0|31|0|3|0|0|0|0|0
RZ1|CHK|55|2|50|0|0|0|10|0|0|0|1|0
RZ1|56|2|OP14-031|0|27|0|4|0|0|0|0|0
RZ1|CHK|56|2|50|0|0|0|10|0|0|0|1|0
RZ1|57|2|OP05-038|0|41|0|5|0|0|0|0|0
RZ1|CHK|57|2|50|0|0|0|10|0|0|0|1|0
RZ1|58|2|ST21-003|0|14|0|6|0|0|0|0|0
RZ1|CHK|58|2|50|0|0|0|10|0|0|0|1|0
RZ1|59|2|OP13-027|0|33|0|7|0|0|0|0|0
RZ1|CHK|59|2|50|0|0|0|10|0|0|0|1|0
RZ1|60|2|OP15-035|0|24|0|8|0|0|0|0|0
RZ1|CHK|60|2|50|0|0|0|10|0|0|0|1|0
RZ1|61|2|OP01-016|0|15|0|9|0|0|0|0|0
RZ1|CHK|61|2|50|0|0|0|10|0|0|0|1|0
RZ1|62|2|EB04-007|0|19|0|10|0|0|0|0|0
RZ1|CHK|62|2|50|0|0|0|10|0|0|0|1|0
RZ1|63|2|ST31-005|0|49|0|11|0|0|0|0|0
RZ1|CHK|63|2|50|0|0|0|10|0|0|0|1|0
RZ1|64|2|ST31-005|0|49|0|13|0|0|0|0|0
RZ1|CHK|64|2|50|0|0|0|10|0|0|0|1|0
RZ1|65|2|OP15-035|0|25|0|15|0|0|0|0|0
RZ1|CHK|65|2|50|0|0|0|10|0|0|0|1|0
RZ1|66|2|EB04-007|0|22|0|16|0|0|0|0|0
RZ1|CHK|66|2|50|0|0|0|10|0|0|0|1|0
RZ1|67|2|OP05-038|0|43|0|17|0|0|0|0|0
RZ1|CHK|67|2|50|0|0|0|10|0|0|0|1|0
RZ1|68|2|OP13-118|0|37|0|18|0|0|0|0|0
RZ1|CHK|68|2|50|0|0|0|10|0|0|0|1|0
RZ1|69|2|OP05-038|0|44|0|19|0|0|0|0|0
RZ1|CHK|69|2|50|0|0|0|10|0|0|0|1|0
RZ1|70|2|ST31-005|0|48|0|20|0|0|0|0|0
RZ1|CHK|70|2|50|0|0|0|10|0|0|0|1|0
RZ1|71|2|EB04-002|0|22|0|21|0|0|0|0|0
RZ1|CHK|71|2|50|0|0|0|10|0|0|0|1|0
RZ1|72|2|ST31-005|0|49|0|22|0|0|0|0|0
RZ1|CHK|72|2|50|0|0|0|10|0|0|0|1|0
RZ1|73|2|OP12-037|0|45|0|23|0|0|0|0|0
RZ1|CHK|73|2|50|0|0|0|10|0|0|0|1|0
RZ1|74|2|OP13-040|0|46|0|24|0|0|0|0|0
RZ1|CHK|74|2|50|0|0|0|10|0|0|0|1|0
RZ1|75|2|OP08-036|0|47|0|25|0|0|0|0|0
RZ1|CHK|75|2|50|0|0|0|10|0|0|0|1|0
RZ1|76|2|EB04-007|0|31|0|26|0|0|0|0|0
RZ1|CHK|76|2|50|0|0|0|10|0|0|0|1|0
RZ1|77|2|OP14-031|0|40|0|27|0|0|0|0|0
RZ1|CHK|77|2|50|0|0|0|10|0|0|0|1|0
RZ1|78|2|OP13-027|0|42|0|28|0|0|0|0|0
RZ1|CHK|78|2|50|0|0|0|10|0|0|0|1|0
RZ1|79|2|OP15-035|0|36|0|29|0|0|0|0|0
RZ1|CHK|79|2|50|0|0|0|10|0|0|0|1|0
RZ1|80|2|OP15-032|0|46|0|30|0|0|0|0|0
RZ1|CHK|80|2|50|0|0|0|10|0|0|0|1|0
RZ1|81|2|OP01-016|0|33|0|31|0|0|0|0|0
RZ1|CHK|81|2|50|0|0|0|10|0|0|0|1|0
RZ1|82|2|OP14-022|0|41|0|32|0|0|0|0|0
RZ1|CHK|82|2|50|0|0|0|10|0|0|0|1|0
RZ1|83|2|OP14-022|0|40|0|33|0|0|0|0|0
RZ1|CHK|83|2|50|0|0|0|10|0|0|0|1|0
RZ1|84|2|OP13-118|0|45|0|34|0|0|0|0|0
RZ1|CHK|84|2|50|0|0|0|10|0|0|0|1|0
RZ1|85|2|OP06-118|0|47|0|35|0|0|0|0|0
RZ1|CHK|85|2|50|0|0|0|10|0|0|0|1|0
RZ1|86|2|OP14-031|0|45|0|36|0|0|0|0|0
RZ1|CHK|86|2|50|0|0|0|10|0|0|0|1|0
RZ1|87|2|OP13-118|0|47|0|37|0|0|0|0|0
RZ1|CHK|87|2|50|0|0|0|10|0|0|0|1|0
RZ1|88|2|OP13-027|0|47|0|38|0|0|0|0|0
RZ1|CHK|88|2|50|0|0|0|10|0|0|0|1|0
RZ1|89|2|OP14-031|0|47|0|39|0|0|0|0|0
RZ1|CHK|89|2|50|0|0|0|10|0|0|0|1|0
RZ1|90|2|OP01-016|0|42|0|40|0|0|0|0|0
RZ1|CHK|90|2|50|0|0|0|10|0|0|0|1|0
RZ1|91|2|EB04-007|0|43|0|41|0|0|0|0|0
RZ1|CHK|91|2|50|0|0|0|10|0|0|0|1|0
RZ1|92|2|OP08-036|0|48|0|42|0|0|0|0|0
RZ1|CHK|92|2|50|0|0|0|10|0|0|0|1|0
RZ1|93|2|OP14-022|0|48|0|43|0|0|0|0|0
RZ1|CHK|93|2|50|0|0|0|10|0|0|0|1|0
RZ1|94|2|OP15-035|0|48|0|44|0|0|0|0|0
RZ1|CHK|94|2|50|0|0|0|10|0|0|0|1|0
RZ1|95|2|EB02-017|0|48|0|45|0|0|0|0|0
RZ1|CHK|95|2|50|0|0|0|10|0|0|0|1|0
RZ1|96|2|OP01-016|0|47|0|46|0|0|0|0|0
RZ1|CHK|96|2|50|0|0|0|10|0|0|0|1|0
RZ1|97|2|OP08-036|0|49|0|48|0|0|0|0|0
RZ1|CHK|97|2|50|0|0|0|10|0|0|0|1|0
[ElShisha​#9562] Drew card from deck: Monkey D. Luffy ["ST31-004">ST31-004]
RZ1|98|2|ST31-004|0|49|1|0|0|1|0|0|0
RZ1|CHK|98|2|49|1|0|0|10|0|0|0|1|0
[ElShisha​#9562] Drew card from deck: Electrical Luna ["OP08-036">OP08-036]
RZ1|99|2|OP08-036|0|48|1|1|0|1|0|0|0
RZ1|CHK|99|2|48|2|0|0|10|0|0|0|1|0
[ElShisha​#9562] Drew card from deck: Jewelry Bonney ["EB04-002">EB04-002]
RZ1|100|2|EB04-002|0|47|1|2|0|1|0|0|0
RZ1|CHK|100|2|47|3|0|0|10|0|0|0|1|0
[ElShisha​#9562] Drew card from deck: Nami ["OP01-016">OP01-016]
RZ1|101|2|OP01-016|0|46|1|3|0|1|0|0|0
RZ1|CHK|101|2|46|4|0|0|10|0|0|0|1|0
[ElShisha​#9562] Drew card from deck: Nami ["EB02-017">EB02-017]
RZ1|102|2|EB02-017|0|45|1|4|0|1|0|0|0
RZ1|CHK|102|2|45|5|0|0|10|0|0|0|1|0
RZ1|103|1|ST32-001|1|0|0|45|0|0|0|0|0
RZ1|CHK|103|1|46|4|0|0|10|0|0|0|1|0
RZ1|104|1|OP15-035|1|0|0|46|0|0|0|0|0
RZ1|CHK|104|1|47|3|0|0|10|0|0|0|1|0
RZ1|105|1|ST32-003|1|0|0|47|0|0|0|0|0
RZ1|CHK|105|1|48|2|0|0|10|0|0|0|1|0
RZ1|106|1|ST24-004|1|0|0|48|0|0|0|0|0
RZ1|CHK|106|1|49|1|0|0|10|0|0|0|1|0
RZ1|107|1|ST32-001|1|0|0|49|0|0|0|0|0
RZ1|CHK|107|1|50|0|0|0|10|0|0|0|1|0
RZ1|108|1|OP12-031|0|14|0|0|0|0|0|0|0
RZ1|CHK|108|1|50|0|0|0|10|0|0|0|1|0
RZ1|109|1|OP13-031|0|30|0|1|0|0|0|0|0
RZ1|CHK|109|1|50|0|0|0|10|0|0|0|1|0
RZ1|110|1|ST32-005|0|24|0|2|0|0|0|0|0
RZ1|CHK|110|1|50|0|0|0|10|0|0|0|1|0
RZ1|111|1|OP12-031|0|14|0|3|0|0|0|0|0
RZ1|CHK|111|1|50|0|0|0|10|0|0|0|1|0
RZ1|112|1|ST32-001|0|45|0|4|0|0|0|0|0
RZ1|CHK|112|1|50|0|0|0|10|0|0|0|1|0
RZ1|113|1|OP13-031|0|9|0|5|0|0|0|0|0
RZ1|CHK|113|1|50|0|0|0|10|0|0|0|1|0
RZ1|114|1|ST24-004|0|34|0|6|0|0|0|0|0
RZ1|CHK|114|1|50|0|0|0|10|0|0|0|1|0
RZ1|115|1|ST32-005|0|35|0|7|0|0|0|0|0
RZ1|CHK|115|1|50|0|0|0|10|0|0|0|1|0
RZ1|116|1|OP14-033|0|12|0|8|0|0|0|0|0
RZ1|CHK|116|1|50|0|0|0|10|0|0|0|1|0
RZ1|117|1|OP15-035|0|21|0|9|0|0|0|0|0
RZ1|CHK|117|1|50|0|0|0|10|0|0|0|1|0
RZ1|118|1|ST32-001|0|13|0|10|0|0|0|0|0
RZ1|CHK|118|1|50|0|0|0|10|0|0|0|1|0
RZ1|119|1|ST32-005|0|44|0|11|0|0|0|0|0
RZ1|CHK|119|1|50|0|0|0|10|0|0|0|1|0
RZ1|120|1|OP06-038|0|16|0|12|0|0|0|0|0
RZ1|CHK|120|1|50|0|0|0|10|0|0|0|1|0
RZ1|121|1|OP14-033|0|39|0|13|0|0|0|0|0
RZ1|CHK|121|1|50|0|0|0|10|0|0|0|1|0
RZ1|122|1|ST32-002|0|30|0|14|0|0|0|0|0
RZ1|CHK|122|1|50|0|0|0|10|0|0|0|1|0
RZ1|123|1|ST32-003|0|47|0|15|0|0|0|0|0
RZ1|CHK|123|1|50|0|0|0|10|0|0|0|1|0
RZ1|124|1|ST24-004|0|48|0|16|0|0|0|0|0
RZ1|CHK|124|1|50|0|0|0|10|0|0|0|1|0
RZ1|125|1|OP15-035|0|48|0|17|0|0|0|0|0
RZ1|CHK|125|1|50|0|0|0|10|0|0|0|1|0
RZ1|126|1|OP06-038|0|29|0|18|0|0|0|0|0
RZ1|CHK|126|1|50|0|0|0|10|0|0|0|1|0
RZ1|127|1|ST32-005|0|43|0|19|0|0|0|0|0
RZ1|CHK|127|1|50|0|0|0|10|0|0|0|1|0
RZ1|128|1|OP13-040|0|29|0|20|0|0|0|0|0
RZ1|CHK|128|1|50|0|0|0|10|0|0|0|1|0
RZ1|129|1|OP12-031|0|28|0|21|0|0|0|0|0
RZ1|CHK|129|1|50|0|0|0|10|0|0|0|1|0
RZ1|130|1|OP08-036|0|31|0|22|0|0|0|0|0
RZ1|CHK|130|1|50|0|0|0|10|0|0|0|1|0
RZ1|131|1|ST32-001|0|49|0|23|0|0|0|0|0
RZ1|CHK|131|1|50|0|0|0|10|0|0|0|1|0
RZ1|132|1|ST32-002|0|39|0|24|0|0|0|0|0
RZ1|CHK|132|1|50|0|0|0|10|0|0|0|1|0
RZ1|133|1|ST32-002|0|43|0|26|0|0|0|0|0
RZ1|CHK|133|1|50|0|0|0|10|0|0|0|1|0
RZ1|134|1|ST24-004|0|43|0|28|0|0|0|0|0
RZ1|CHK|134|1|50|0|0|0|10|0|0|0|1|0
RZ1|135|1|ST32-002|0|45|0|29|0|0|0|0|0
RZ1|CHK|135|1|50|0|0|0|10|0|0|0|1|0
RZ1|136|1|OP12-034|0|33|0|30|0|0|0|0|0
RZ1|CHK|136|1|50|0|0|0|10|0|0|0|1|0
RZ1|137|1|OP14-119|0|45|0|31|0|0|0|0|0
RZ1|CHK|137|1|50|0|0|0|10|0|0|0|1|0
RZ1|138|1|ST32-001|0|46|0|32|0|0|0|0|0
RZ1|CHK|138|1|50|0|0|0|10|0|0|0|1|0
RZ1|139|1|OP12-034|0|46|0|33|0|0|0|0|0
RZ1|CHK|139|1|50|0|0|0|10|0|0|0|1|0
RZ1|140|1|OP13-031|0|39|0|34|0|0|0|0|0
RZ1|CHK|140|1|50|0|0|0|10|0|0|0|1|0
RZ1|141|1|OP14-033|0|37|0|35|0|0|0|0|0
RZ1|CHK|141|1|50|0|0|0|10|0|0|0|1|0
RZ1|142|1|OP13-040|0|37|0|36|0|0|0|0|0
RZ1|CHK|142|1|50|0|0|0|10|0|0|0|1|0
RZ1|143|1|ST32-003|0|48|0|37|0|0|0|0|0
RZ1|CHK|143|1|50|0|0|0|10|0|0|0|1|0
RZ1|144|1|OP12-034|0|40|0|38|0|0|0|0|0
RZ1|CHK|144|1|50|0|0|0|10|0|0|0|1|0
RZ1|145|1|OP12-037|0|47|0|39|0|0|0|0|0
RZ1|CHK|145|1|50|0|0|0|10|0|0|0|1|0
RZ1|146|1|OP15-035|0|41|0|40|0|0|0|0|0
RZ1|CHK|146|1|50|0|0|0|10|0|0|0|1|0
RZ1|147|1|OP12-034|0|43|0|41|0|0|0|0|0
RZ1|CHK|147|1|50|0|0|0|10|0|0|0|1|0
RZ1|148|1|OP14-119|0|46|0|42|0|0|0|0|0
RZ1|CHK|148|1|50|0|0|0|10|0|0|0|1|0
RZ1|149|1|OP13-040|0|45|0|43|0|0|0|0|0
RZ1|CHK|149|1|50|0|0|0|10|0|0|0|1|0
RZ1|150|1|OP12-037|0|49|0|44|0|0|0|0|0
RZ1|CHK|150|1|50|0|0|0|10|0|0|0|1|0
RZ1|151|1|OP08-036|0|47|0|45|0|0|0|0|0
RZ1|CHK|151|1|50|0|0|0|10|0|0|0|1|0
RZ1|152|1|OP15-035|0|47|0|46|0|0|0|0|0
RZ1|CHK|152|1|50|0|0|0|10|0|0|0|1|0
[jmi​#8380] Drew card from deck: Perona ["OP14-033">OP14-033]
RZ1|153|1|OP14-033|0|49|1|0|1|1|0|0|0
RZ1|CHK|153|1|49|1|0|0|10|0|0|0|1|0
[jmi​#8380] Drew card from deck: Coffin Boat ["OP14-039">OP14-039]
RZ1|154|1|OP14-039|0|48|1|1|1|1|0|0|0
RZ1|CHK|154|1|48|2|0|0|10|0|0|0|1|0
[jmi​#8380] Drew card from deck: Dracule Mihawk ["OP14-119">OP14-119]
RZ1|155|1|OP14-119|0|47|1|2|1|1|0|0|0
RZ1|CHK|155|1|47|3|0|0|10|0|0|0|1|0
[jmi​#8380] Drew card from deck: Laboon ["OP15-035">OP15-035]
RZ1|156|1|OP15-035|0|46|1|3|1|1|0|0|0
RZ1|CHK|156|1|46|4|0|0|10|0|0|0|1|0
[jmi​#8380] Drew card from deck: Electrical Luna ["OP08-036">OP08-036]
RZ1|157|1|OP08-036|0|45|1|4|1|1|0|0|0
RZ1|CHK|157|1|45|5|0|0|10|0|0|0|1|0
RZ1|158|1|OP12-037|0|44|3|0|1|0|0|0|0
RZ1|CHK|158|1|44|5|0|1|10|0|0|0|1|0
RZ1|159|1|OP13-040|0|43|3|1|1|0|0|0|0
RZ1|CHK|159|1|43|5|0|2|10|0|0|0|1|0
RZ1|160|1|OP14-119|0|42|3|2|1|0|0|0|0
RZ1|CHK|160|1|42|5|0|3|10|0|0|0|1|0
RZ1|161|1|OP12-034|0|41|3|3|1|0|0|0|0
RZ1|CHK|161|1|41|5|0|4|10|0|0|0|1|0
RZ1|162|1|OP15-035|0|40|3|4|1|0|0|0|0
RZ1|CHK|162|1|40|5|0|5|10|0|0|0|1|0
[jmi​#8380] Hand after Mulligan: [OP14-033,OP14-039,OP14-119,OP15-035,OP08-036]
[jmi​#8380] Mulligan
RZ1|163|2|OP15-035|0|44|3|0|0|1|0|0|0
RZ1|CHK|163|2|44|5|0|1|10|0|0|0|1|0
RZ1|164|2|OP14-022|0|43|3|1|0|1|0|0|0
RZ1|CHK|164|2|43|5|0|2|10|0|0|0|1|0
RZ1|165|2|OP08-036|0|42|3|2|0|1|0|0|0
RZ1|CHK|165|2|42|5|0|3|10|0|0|0|1|0
RZ1|166|2|EB04-007|0|41|3|3|0|1|0|0|0
RZ1|CHK|166|2|41|5|0|4|10|0|0|0|1|0
RZ1|167|2|Don|4|9|5|0|1|1|0|0|0
RZ1|CHK|167|2|41|5|0|4|9|1|0|0|1|0
[ElShisha​#9562] Draw 1 Don
RZ1|168|2|Don|5|0|5|0|1|1|1|0|0
RZ1|CHK|168|2|41|5|0|4|9|1|0|0|1|0
[ElShisha​#9562] Deploy Nami ["OP01-016">OP01-016]
RZ1|169|2|OP01-016|1|3|2|0|1|1|0|0|0
RZ1|CHK|169|2|41|4|1|4|9|1|0|0|1|0
[ElShisha​#9562] Nami ["OP01-016">OP01-016]: <b>Reveal and Draw Sanji ["OP13-027">OP13-027]</b>
RZ1|170|2|OP13-027|0|38|1|4|0|1|0|0|0
RZ1|CHK|170|2|40|5|1|4|9|1|0|0|1|0
RZ1|171|2|OP14-031|0|36|0|0|0|0|0|0|0
RZ1|CHK|171|2|40|5|1|4|9|1|0|0|1|0
RZ1|172|2|OP14-031|0|38|0|0|0|0|0|0|0
RZ1|CHK|172|2|40|5|1|4|9|1|0|0|1|0
RZ1|173|2|OP01-016|0|39|0|0|0|0|0|0|0
RZ1|CHK|173|2|40|5|1|4|9|1|0|0|1|0
RZ1|174|2|OP13-118|0|39|0|0|0|0|0|0|0
RZ1|CHK|174|2|40|5|1|4|9|1|0|0|1|0
[ElShisha​#9562] End Turn
[jmi​#8380] Hand: [OP14-033,OP14-039,OP14-119,OP15-035,OP08-036]
[jmi​#8380] Board: []
[jmi​#8380] Trash: []
[jmi​#8380] Life: 5
[ElShisha​#9562] Hand: [ST31-004,OP08-036,EB04-002,EB02-017,OP13-027]
[ElShisha​#9562] Trash: []
[ElShisha​#9562] Board: [OP01-016]
[ElShisha​#9562] Life: 4
[jmi​#8380] Drew card from deck: Demonic Aura Nine-Sword Style Asura Dead Man's Game ["OP12-037">OP12-037]
RZ1|175|1|OP12-037|0|39|1|5|1|1|0|0|0
RZ1|CHK|175|1|39|6|0|5|10|0|0|0|1|0
[jmi​#8380] Draw 1 Card
RZ1|176|1|Don|4|9|5|0|1|1|0|0|0
RZ1|CHK|176|1|39|6|0|5|9|1|0|0|1|0
RZ1|177|1|Don|4|8|5|1|1|1|0|0|0
RZ1|CHK|177|1|39|6|0|5|8|2|0|0|1|0
[jmi​#8380] Draw 2 Don
RZ1|178|1|Don|5|0|5|0|1|1|1|0|0
RZ1|CHK|178|1|39|6|0|5|8|2|0|0|1|0
RZ1|179|1|OP14-039|1|1|7|0|1|1|0|0|0
RZ1|CHK|179|1|39|5|0|5|8|2|0|1|1|0
[jmi​#8380] Drew card from deck: Perona ["OP12-034">OP12-034]
RZ1|180|1|OP12-034|0|38|1|5|1|1|0|0|0
RZ1|CHK|180|1|38|6|0|5|8|2|0|1|1|0
[jmi​#8380] Deploy Coffin Boat ["OP14-039">OP14-039]
[jmi​#8380] Coffin Boat ["OP14-039">OP14-039]: Draw 1 Card
RZ1|181|1|Don|5|1|5|1|1|1|1|0|0
RZ1|CHK|181|1|38|6|0|5|8|2|0|1|1|0
RZ1|182|1|OP12-034|1|5|2|0|1|1|0|0|0
RZ1|CHK|182|1|38|5|1|5|8|2|0|1|1|0
[jmi​#8380] Deploy Perona ["OP12-034">OP12-034]
RZ1|183|1|ST32-003|0|37|1|5|1|1|0|0|0
RZ1|CHK|183|1|37|6|1|5|8|2|0|1|1|0
[jmi​#8380] Perona ["OP12-034">OP12-034]: <b>Reveal and Draw Dracule Mihawk ["ST32-003">ST32-003]</b>
[jmi​#8380] Placing Cards on Bottom of Deck
RZ1|184|1|OP13-040|0|36|0|0|0|0|0|0|0
RZ1|CHK|184|1|37|6|1|5|8|2|0|1|1|0
RZ1|185|1|OP14-033|0|36|0|0|0|0|0|0|0
RZ1|CHK|185|1|37|6|1|5|8|2|0|1|1|0
RZ1|186|1|OP13-031|0|36|0|0|0|0|0|0|0
RZ1|CHK|186|1|37|6|1|5|8|2|0|1|1|0
RZ1|187|1|OP12-034|0|36|0|0|0|0|0|0|0
RZ1|CHK|187|1|37|6|1|5|8|2|0|1|1|0
RZ1|188|1|Don|5|1|5|1|1|1|0|0|0
RZ1|CHK|188|1|37|6|1|5|8|2|0|1|1|0
[jmi​#8380] Hand: [OP14-033,OP14-119,OP15-035,OP08-036,OP12-037,ST32-003]
[jmi​#8380] Board: [OP12-034]
[jmi​#8380] Trash: []
[jmi​#8380] Life: 5
[ElShisha​#9562] Hand: [ST31-004,OP08-036,EB04-002,EB02-017,OP13-027]
[ElShisha​#9562] Trash: []
[ElShisha​#9562] Board: [OP01-016]
[ElShisha​#9562] Life: 4
[jmi​#8380] Coffin Boat ["OP14-039">OP14-039]: Activate 1 Don
[jmi​#8380] End Turn
[ElShisha​#9562] Draw 1 Card
[ElShisha​#9562] Drew card from deck: Roronoa Zoro ["OP06-118">OP06-118]
RZ1|189|2|OP06-118|0|39|1|5|0|1|0|0|0
RZ1|CHK|189|2|39|6|1|4|9|1|0|0|1|0
RZ1|190|2|Don|4|8|5|1|1|1|0|0|0
RZ1|CHK|190|2|39|6|1|4|8|2|0|0|1|0
RZ1|191|2|Don|4|7|5|2|1|1|0|0|0
RZ1|CHK|191|2|39|6|1|4|7|3|0|0|1|0
[ElShisha​#9562] Draw 2 Don
RZ1|192|2|Don|5|0|5|0|1|1|1|0|0
RZ1|CHK|192|2|39|6|1|4|7|3|0|0|1|0
[ElShisha​#9562] Deploy Nami ["EB02-017">EB02-017]
RZ1|193|2|EB02-017|1|3|2|1|1|1|0|0|0
RZ1|CHK|193|2|39|5|2|4|7|3|0|0|1|0
RZ1|194|2|OP14-022|0|36|1|5|0|1|0|0|0
RZ1|CHK|194|2|38|6|2|4|7|3|0|0|1|0
[ElShisha​#9562] Nami ["EB02-017">EB02-017]: <b>Reveal and Draw Usopp ["OP14-022">OP14-022]</b>
[ElShisha​#9562] Placing Cards on Bottom of Deck
RZ1|195|2|OP13-118|0|37|0|0|0|0|0|0|0
RZ1|CHK|195|2|38|6|2|4|7|3|0|0|1|0
RZ1|196|2|OP14-022|0|37|0|0|0|0|0|0|0
RZ1|CHK|196|2|38|6|2|4|7|3|0|0|1|0
RZ1|197|2|OP01-016|0|37|0|0|0|0|0|0|0
RZ1|CHK|197|2|38|6|2|4|7|3|0|0|1|0
RZ1|198|2|OP15-032|0|37|0|0|0|0|0|0|0
RZ1|CHK|198|2|38|6|2|4|7|3|0|0|1|0
RZ1|199|2|Don|5|1|5|1|1|1|1|0|0
RZ1|CHK|199|2|38|6|2|4|7|3|0|0|1|0
[ElShisha​#9562] Deploy Jewelry Bonney ["EB04-002">EB04-002]
RZ1|200|2|EB04-002|1|2|2|2|1|1|0|0|0
RZ1|CHK|200|2|38|5|3|4|7|3|0|0|1|0
RZ1|201|2|EB04-007|0|34|1|5|0|1|0|0|0
RZ1|CHK|201|2|37|6|3|4|7|3|0|0|1|0
[ElShisha​#9562] Jewelry Bonney ["EB04-002">EB04-002]: <b>Reveal and Draw Roronoa Zoro ["EB04-007">EB04-007]</b>
[ElShisha​#9562] Placing Cards on Bottom of Deck
RZ1|202|2|OP14-031|0|34|0|0|0|0|0|0|0
RZ1|CHK|202|2|37|6|3|4|7|3|0|0|1|0
RZ1|203|2|OP13-027|0|35|0|0|0|0|0|0|0
RZ1|CHK|203|2|37|6|3|4|7|3|0|0|1|0
RZ1|204|2|OP15-035|0|36|0|0|0|0|0|0|0
RZ1|CHK|204|2|37|6|3|4|7|3|0|0|1|0
[ElShisha​#9562] Attach 1 Don to Monkey D. Luffy ["OP13-001">OP13-001] (1 Total)
RZ1|205|2|Don|5|2|9|9900|1|1|0|0|0
RZ1|CHK|205|2|37|6|3|4|7|2|0|0|1|1
[ElShisha​#9562] Monkey D. Luffy ["OP13-001">OP13-001] attacking Dracule Mihawk ["OP14-020">OP14-020]
RZ1|206|1|OP15-035|3|4|1|6|1|1|0|0|0
RZ1|CHK|206|1|37|7|1|4|8|2|0|1|1|0
Monkey D. Luffy ["OP13-001">OP13-001][6000] vs Dracule Mihawk ["OP14-020">OP14-020][5000]
Dracule Mihawk ["OP14-020">OP14-020] hit for 1 damage
[ElShisha​#9562] End Turn
[jmi​#8380] Hand: [OP14-033,OP14-119,OP15-035,OP08-036,OP12-037,ST32-003,OP15-035]
[jmi​#8380] Board: [OP12-034]
[jmi​#8380] Trash: []
[jmi​#8380] Life: 4
[ElShisha​#9562] Hand: [ST31-004,OP08-036,OP13-027,OP06-118,OP14-022,EB04-007]
[ElShisha​#9562] Trash: []
[ElShisha​#9562] Board: [OP01-016,EB02-017,EB04-002]
[ElShisha​#9562] Life: 4
[jmi​#8380] Drew card from deck: Kin'emon ["ST32-001">ST32-001]
RZ1|207|1|ST32-001|0|36|1|7|1|1|0|0|0
RZ1|CHK|207|1|36|8|1|4|8|2|0|1|1|0
[jmi​#8380] Draw 1 Card
RZ1|208|1|Don|4|7|5|2|1|1|0|0|0
RZ1|CHK|208|1|36|8|1|4|7|3|0|1|1|0
RZ1|209|1|Don|4|6|5|3|1|1|0|0|0
RZ1|CHK|209|1|36|8|1|4|6|4|0|1|1|0
[jmi​#8380] Draw 2 Don
RZ1|210|1|Don|5|0|5|0|1|1|1|0|0
RZ1|CHK|210|1|36|8|1|4|6|4|0|1|1|0
RZ1|211|1|ST32-001|1|7|2|1|1|1|0|0|0
RZ1|CHK|211|1|36|7|2|4|6|4|0|1|1|0
[jmi​#8380] Deploy Kin'emon ["ST32-001">ST32-001]
RZ1|212|1|Don|5|1|5|1|1|1|1|0|0
RZ1|CHK|212|1|36|7|2|4|6|4|0|1|1|0
[jmi​#8380] Drew card from deck: Dracule Mihawk ["OP14-119">OP14-119]
RZ1|213|1|OP14-119|0|35|1|7|1|1|0|0|0
RZ1|CHK|213|1|35|8|2|4|6|4|0|1|1|0
[jmi​#8380] Drew card from deck: Perona ["OP12-034">OP12-034]
RZ1|214|1|OP12-034|0|34|1|8|1|1|0|0|0
RZ1|CHK|214|1|34|9|2|4|6|4|0|1|1|0
[jmi​#8380] Kin'emon ["ST32-001">ST32-001]: Rest Don ["Don">Don]
[jmi​#8380] Kin'emon ["ST32-001">ST32-001]: Draw 2 Card
RZ1|215|1|OP14-119|1|7|6|0|1|1|0|0|0
RZ1|CHK|215|1|34|8|2|4|6|4|1|1|1|0
[jmi​#8380] Kin'emon ["ST32-001">ST32-001]: Trash Dracule Mihawk ["OP14-119">OP14-119]
RZ1|216|1|Don|5|3|9|9900|1|1|0|0|0
RZ1|CHK|216|1|34|8|2|4|6|3|1|1|1|1
[jmi​#8380] Attach 1 Don to Dracule Mihawk ["OP14-020">OP14-020] (1 Total)
[jmi​#8380] Dracule Mihawk ["OP14-020">OP14-020] attacking Monkey D. Luffy ["OP13-001">OP13-001]
RZ1|217|2|EB04-007|3|3|1|6|0|1|0|0|0
RZ1|CHK|217|2|37|7|3|3|7|2|0|0|1|1
Dracule Mihawk ["OP14-020">OP14-020][6000] vs Monkey D. Luffy ["OP13-001">OP13-001][5000]
Monkey D. Luffy ["OP13-001">OP13-001] hit for 1 damage
RZ1|218|1|Don|5|2|5|2|1|1|1|0|0
RZ1|CHK|218|1|34|8|2|4|6|3|1|1|1|1
RZ1|219|1|OP12-034|1|7|2|2|1|1|0|0|0
RZ1|CHK|219|1|34|7|3|4|6|3|1|1|1|1
[jmi​#8380] Deploy Perona ["OP12-034">OP12-034]
RZ1|220|1|ST32-002|0|30|1|7|1|1|0|0|0
RZ1|CHK|220|1|33|8|3|4|6|3|1|1|1|1
[jmi​#8380] Perona ["OP12-034">OP12-034]: <b>Reveal and Draw Kouzuki Oden ["ST32-002">ST32-002]</b>
[jmi​#8380] Placing Cards on Bottom of Deck
RZ1|221|1|ST24-004|0|31|0|0|0|0|0|0|0
RZ1|CHK|221|1|33|8|3|4|6|3|1|1|1|1
RZ1|222|1|OP13-031|0|31|0|0|0|0|0|0|0
RZ1|CHK|222|1|33|8|3|4|6|3|1|1|1|1
RZ1|223|1|OP13-040|0|31|0|0|0|0|0|0|0
RZ1|CHK|223|1|33|8|3|4|6|3|1|1|1|1
RZ1|224|1|ST32-002|0|32|0|0|0|0|0|0|0
RZ1|CHK|224|1|33|8|3|4|6|3|1|1|1|1
RZ1|225|1|Don|5|2|5|2|1|1|0|0|0
RZ1|CHK|225|1|33|8|3|4|6|3|1|1|1|1
[jmi​#8380] Hand: [OP14-033,OP14-119,OP15-035,OP08-036,OP12-037,ST32-003,OP15-035,ST32-002]
[jmi​#8380] Board: [OP12-034,ST32-001,OP12-034]
[jmi​#8380] Trash: [OP14-119]
[jmi​#8380] Life: 4
[ElShisha​#9562] Hand: [ST31-004,OP08-036,OP13-027,OP06-118,OP14-022,EB04-007,EB04-007]
[ElShisha​#9562] Trash: []
[ElShisha​#9562] Board: [OP01-016,EB02-017,EB04-002]
[ElShisha​#9562] Life: 3
RZ1|226|2|Don|9|9900|5|0|1|1|1|0|0
RZ1|CHK|226|2|37|7|3|3|7|3|0|0|1|0
[jmi​#8380] Coffin Boat ["OP14-039">OP14-039]: Activate 1 Don
[jmi​#8380] End Turn
[ElShisha​#9562] Draw 1 Card
[ElShisha​#9562] Drew card from deck: Electrical Luna ["OP08-036">OP08-036]
RZ1|227|2|OP08-036|0|36|1|7|0|1|0|0|0
RZ1|CHK|227|2|36|8|3|3|7|3|0|0|1|0
RZ1|228|2|Don|4|6|5|3|1|1|0|0|0
RZ1|CHK|228|2|36|8|3|3|6|4|0|0|1|0
RZ1|229|2|Don|4|5|5|4|1|1|0|0|0
RZ1|CHK|229|2|36|8|3|3|5|5|0|0|1|0
[ElShisha​#9562] Draw 2 Don
RZ1|230|2|Don|5|0|5|0|1|1|1|0|0
RZ1|CHK|230|2|36|8|3|3|5|5|0|0|1|0
RZ1|231|2|Don|5|1|5|1|1|1|1|0|0
RZ1|CHK|231|2|36|8|3|3|5|5|0|0|1|0
RZ1|232|2|Don|5|2|5|2|1|1|1|0|0
RZ1|CHK|232|2|36|8|3|3|5|5|0|0|1|0
RZ1|233|2|Don|5|3|5|3|1|1|1|0|0
RZ1|CHK|233|2|36|8|3|3|5|5|0|0|1|0
RZ1|234|2|Don|5|4|5|4|1|1|1|0|0
RZ1|CHK|234|2|36|8|3|3|5|5|0|0|1|0
[ElShisha​#9562] Deploy Sanji ["OP13-027">OP13-027]
RZ1|235|2|OP13-027|1|2|2|3|1|1|0|0|0
RZ1|CHK|235|2|36|7|4|3|5|5|0|0|1|0
[ElShisha​#9562] Sanji ["OP13-027">OP13-027]: Activate 1 Don
RZ1|236|2|Don|5|4|5|4|1|1|0|0|0
RZ1|CHK|236|2|36|7|4|3|5|5|0|0|1|0
[ElShisha​#9562] Sanji ["OP13-027">OP13-027]: Activate 1 Don
RZ1|237|2|Don|5|3|5|3|1|1|0|0|0
RZ1|CHK|237|2|36|7|4|3|5|5|0|0|1|0
[ElShisha​#9562] Attach 1 Don to Monkey D. Luffy ["OP13-001">OP13-001] (1 Total)
RZ1|238|2|Don|5|4|9|9900|1|1|0|0|0
RZ1|CHK|238|2|36|7|4|3|5|4|0|0|1|1
[ElShisha​#9562] Monkey D. Luffy ["OP13-001">OP13-001] attacking Dracule Mihawk ["OP14-020">OP14-020]
RZ1|239|1|OP15-035|1|2|6|1|1|1|0|0|0
RZ1|CHK|239|1|33|7|3|4|6|3|2|1|1|1
[jmi​#8380] Discard Laboon ["OP15-035">OP15-035] for Counter 2000
Monkey D. Luffy ["OP13-001">OP13-001][6000] vs Dracule Mihawk ["OP14-020">OP14-020][7000]
Attack Fails
[ElShisha​#9562] Sanji ["OP13-027">OP13-027]: Activate 1 Don
RZ1|240|2|Don|5|2|5|2|1|1|0|0|0
RZ1|CHK|240|2|36|7|4|3|5|4|0|0|1|1
[ElShisha​#9562] End Turn
[jmi​#8380] Hand: [OP14-033,OP14-119,OP08-036,OP12-037,ST32-003,OP15-035,ST32-002]
[jmi​#8380] Board: [OP12-034,ST32-001,OP12-034]
[jmi​#8380] Trash: [OP14-119,OP15-035]
[jmi​#8380] Life: 4
[ElShisha​#9562] Hand: [ST31-004,OP08-036,OP06-118,OP14-022,EB04-007,EB04-007,OP08-036]
[ElShisha​#9562] Trash: []
[ElShisha​#9562] Board: [OP01-016,EB02-017,EB04-002,OP13-027]
[ElShisha​#9562] Life: 3
RZ1|241|1|Don|9|9900|5|0|1|1|1|0|0
RZ1|CHK|241|1|33|7|3|4|6|4|2|1|1|0
[jmi​#8380] Drew card from deck: Kouzuki Oden ["ST32-002">ST32-002]
RZ1|242|1|ST32-002|0|32|1|7|1|1|0|0|0
RZ1|CHK|242|1|32|8|3|4|6|4|2|1|1|0
[jmi​#8380] Draw 1 Card
RZ1|243|1|Don|4|5|5|4|1|1|0|0|0
RZ1|CHK|243|1|32|8|3|4|5|5|2|1|1|0
RZ1|244|1|Don|4|4|5|5|1|1|0|0|0
RZ1|CHK|244|1|32|8|3|4|4|6|2|1|1|0
[jmi​#8380] Draw 2 Don
RZ1|245|1|Don|5|0|5|0|1|1|1|0|0
RZ1|CHK|245|1|32|8|3|4|4|6|2|1|1|0
RZ1|246|1|Don|5|1|5|1|1|1|1|0|0
RZ1|CHK|246|1|32|8|3|4|4|6|2|1|1|0
RZ1|247|1|Don|5|2|5|2|1|1|1|0|0
RZ1|CHK|247|1|32|8|3|4|4|6|2|1|1|0
RZ1|248|1|Don|5|3|5|3|1|1|1|0|0
RZ1|CHK|248|1|32|8|3|4|4|6|2|1|1|0
RZ1|249|1|Don|5|4|5|4|1|1|1|0|0
RZ1|CHK|249|1|32|8|3|4|4|6|2|1|1|0
RZ1|250|1|Don|5|5|5|5|1|1|1|0|0
RZ1|CHK|250|1|32|8|3|4|4|6|2|1|1|0
RZ1|251|1|ST32-003|1|4|2|3|1|1|0|0|0
RZ1|CHK|251|1|32|7|4|4|4|6|2|1|1|0
[jmi​#8380] Deploy Dracule Mihawk ["ST32-003">ST32-003]
RZ1|252|1|ST32-002|1|6|2|4|1|1|0|0|0
RZ1|CHK|252|1|32|6|5|4|4|6|2|1|1|0
[jmi​#8380] Drew card from deck: Kin'emon ["ST32-001">ST32-001]
RZ1|253|1|ST32-001|0|31|1|6|1|1|0|0|0
RZ1|CHK|253|1|31|7|5|4|4|6|2|1|1|0
[jmi​#8380] Dracule Mihawk ["ST32-003">ST32-003]: Deploy Kouzuki Oden ["ST32-002">ST32-002]
[jmi​#8380] Kouzuki Oden ["ST32-002">ST32-002]: Draw 1 Card
[jmi​#8380] Kouzuki Oden ["ST32-002">ST32-002]: Sanji ["OP13-027">OP13-027] can't be rested until next turn ends
[jmi​#8380] Dracule Mihawk ["OP14-020">OP14-020]: Rest Coffin Boat ["OP14-039">OP14-039]
RZ1|254|1|Don|5|5|5|5|1|1|0|0|0
RZ1|CHK|254|1|31|7|5|4|4|6|2|1|1|0
RZ1|255|1|Don|5|4|5|4|1|1|0|0|0
RZ1|CHK|255|1|31|7|5|4|4|6|2|1|1|0
RZ1|256|1|Don|5|3|5|3|1|1|0|0|0
RZ1|CHK|256|1|31|7|5|4|4|6|2|1|1|0
[jmi​#8380] Dracule Mihawk ["OP14-020">OP14-020]: Activate 1 Don
[jmi​#8380] Dracule Mihawk ["OP14-020">OP14-020]: Activate 1 Don
[jmi​#8380] Dracule Mihawk ["OP14-020">OP14-020]: Activate 1 Don
[jmi​#8380] Dracule Mihawk ["OP14-020">OP14-020]: Can't play Cost 1 Or More Characters for the Turn!
RZ1|257|1|Don|5|3|9|9900|1|1|0|0|0
RZ1|CHK|257|1|31|7|5|4|4|5|2|1|1|1
RZ1|258|1|Don|5|3|9|9901|1|1|0|0|0
RZ1|CHK|258|1|31|7|5|4|4|4|2|1|1|2
RZ1|259|1|Don|5|3|9|9902|1|1|0|0|0
RZ1|CHK|259|1|31|7|5|4|4|3|2|1|1|3
[jmi​#8380] Attach 3 Don to Dracule Mihawk ["OP14-020">OP14-020] (3 Total)
[jmi​#8380] Dracule Mihawk ["OP14-020">OP14-020] attacking Monkey D. Luffy ["OP13-001">OP13-001]
[ElShisha​#9562] Monkey D. Luffy ["OP13-001">OP13-001]: Rest Don ["Don">Don]
RZ1|260|2|Don|5|2|5|2|1|1|1|0|0
RZ1|CHK|260|2|36|7|4|3|5|4|0|0|1|1
[ElShisha​#9562] Monkey D. Luffy ["OP13-001">OP13-001]: Rest Don ["Don">Don]
RZ1|261|2|Don|5|3|5|3|1|1|1|0|0
RZ1|CHK|261|2|36|7|4|3|5|4|0|0|1|1
[ElShisha​#9562] Monkey D. Luffy ["OP13-001">OP13-001]: Buff Monkey D. Luffy ["OP13-001">OP13-001] 4000 for the Combat
Dracule Mihawk ["OP14-020">OP14-020][8000] vs Monkey D. Luffy ["OP13-001">OP13-001][9000]
Attack Fails
RZ1|262|1|Don|5|2|5|2|1|1|0|0|0
RZ1|CHK|262|1|31|7|5|4|4|3|2|1|1|3
[jmi​#8380] Hand: [OP14-033,OP14-119,OP08-036,OP12-037,OP15-035,ST32-002,ST32-001]
[jmi​#8380] Board: [OP12-034,ST32-001,OP12-034,ST32-003,ST32-002]
[jmi​#8380] Trash: [OP14-119,OP15-035]
[jmi​#8380] Life: 4
[ElShisha​#9562] Hand: [ST31-004,OP08-036,OP06-118,OP14-022,EB04-007,EB04-007,OP08-036]
[ElShisha​#9562] Trash: []
[ElShisha​#9562] Board: [OP01-016,EB02-017,EB04-002,OP13-027]
[ElShisha​#9562] Life: 3
RZ1|263|2|Don|9|9900|5|0|1|1|1|0|0
RZ1|CHK|263|2|36|7|4|3|5|5|0|0|1|0
[jmi​#8380] Coffin Boat ["OP14-039">OP14-039]: Activate 1 Don
[jmi​#8380] End Turn
[ElShisha​#9562] Draw 1 Card
[ElShisha​#9562] Drew card from deck: I Know You're Strong... So I'll Go All Out ["OP13-040">OP13-040]
RZ1|264|2|OP13-040|0|35|1|7|0|1|0|0|0
RZ1|CHK|264|2|35|8|4|3|5|5|0|0|1|0
RZ1|265|2|Don|4|4|5|5|1|1|0|0|0
RZ1|CHK|265|2|35|8|4|3|4|6|0|0|1|0
RZ1|266|2|Don|4|3|5|6|1|1|0|0|0
RZ1|CHK|266|2|35|8|4|3|3|7|0|0|1|0
[ElShisha​#9562] Draw 2 Don
[ElShisha​#9562] Attach 1 Don to Monkey D. Luffy ["OP13-001">OP13-001] (1 Total)
RZ1|267|2|Don|5|2|9|9900|1|1|0|0|0
RZ1|CHK|267|2|35|8|4|3|3|6|0|0|1|1
[ElShisha​#9562] Monkey D. Luffy ["OP13-001">OP13-001] attacking Dracule Mihawk ["OP14-020">OP14-020]
RZ1|268|1|OP12-034|3|3|1|7|1|1|0|0|0
RZ1|CHK|268|1|31|8|5|3|4|3|2|1|1|3
Monkey D. Luffy ["OP13-001">OP13-001][6000] vs Dracule Mihawk ["OP14-020">OP14-020][5000]
Dracule Mihawk ["OP14-020">OP14-020] hit for 1 damage
RZ1|269|2|Don|5|0|5|0|1|1|1|0|0
RZ1|CHK|269|2|35|8|4|3|3|6|0|0|1|1
RZ1|270|2|Don|5|1|5|1|1|1|1|0|0
RZ1|CHK|270|2|35|8|4|3|3|6|0|0|1|1
RZ1|271|2|Don|5|2|5|2|1|1|1|0|0
RZ1|CHK|271|2|35|8|4|3|3|6|0|0|1|1
RZ1|272|2|Don|5|3|5|3|1|1|1|0|0
RZ1|CHK|272|2|35|8|4|3|3|6|0|0|1|1
[ElShisha​#9562] Deploy Usopp ["OP14-022">OP14-022]
RZ1|273|2|OP14-022|1|3|2|4|1|1|0|0|0
RZ1|CHK|273|2|35|7|5|3|3|6|0|0|1|1
[ElShisha​#9562] Sanji ["OP13-027">OP13-027]: Activate 1 Don
RZ1|274|2|Don|5|3|5|3|1|1|0|0|0
RZ1|CHK|274|2|35|7|5|3|3|6|0|0|1|1
[ElShisha​#9562] Usopp ["OP14-022">OP14-022]: Activate 1 Don
RZ1|275|2|Don|5|2|5|2|1|1|0|0|0
RZ1|CHK|275|2|35|7|5|3|3|6|0|0|1|1
[ElShisha​#9562] Usopp ["OP14-022">OP14-022]: Activate 1 Don
RZ1|276|2|Don|5|1|5|1|1|1|0|0|0
RZ1|CHK|276|2|35|7|5|3|3|6|0|0|1|1
[ElShisha​#9562] End Turn
[jmi​#8380] Hand: [OP14-033,OP14-119,OP08-036,OP12-037,OP15-035,ST32-002,ST32-001,OP12-034]
[jmi​#8380] Board: [OP12-034,ST32-001,OP12-034,ST32-003,ST32-002]
[jmi​#8380] Trash: [OP14-119,OP15-035]
[jmi​#8380] Life: 3
[ElShisha​#9562] Hand: [ST31-004,OP08-036,OP06-118,EB04-007,EB04-007,OP08-036,OP13-040]
[ElShisha​#9562] Trash: []
[ElShisha​#9562] Board: [OP01-016,EB02-017,EB04-002,OP13-027,OP14-022]
[ElShisha​#9562] Life: 3
RZ1|277|1|Don|9|9900|5|0|1|1|1|0|0
RZ1|CHK|277|1|31|8|5|3|4|4|2|1|1|2
RZ1|278|1|Don|9|9900|5|0|1|1|1|0|0
RZ1|CHK|278|1|31|8|5|3|4|5|2|1|1|1
RZ1|279|1|Don|9|9900|5|0|1|1|1|0|0
RZ1|CHK|279|1|31|8|5|3|4|6|2|1|1|0
[jmi​#8380] Drew card from deck: Electrical Luna ["OP08-036">OP08-036]
RZ1|280|1|OP08-036|0|30|1|8|1|1|0|0|0
RZ1|CHK|280|1|30|9|5|3|4|6|2|1|1|0
[jmi​#8380] Draw 1 Card
RZ1|281|1|Don|4|3|5|6|1|1|0|0|0
RZ1|CHK|281|1|30|9|5|3|3|7|2|1|1|0
RZ1|282|1|Don|4|2|5|7|1|1|0|0|0
RZ1|CHK|282|1|30|9|5|3|2|8|2|1|1|0
[jmi​#8380] Draw 2 Don
RZ1|283|1|Don|5|0|5|0|1|1|1|0|0
RZ1|CHK|283|1|30|9|5|3|2|8|2|1|1|0
RZ1|284|1|ST32-001|2|1|6|2|1|1|0|0|0
RZ1|CHK|284|1|30|9|4|3|2|8|3|1|1|0
RZ1|285|1|OP12-034|1|7|2|4|1|1|0|0|0
RZ1|CHK|285|1|30|8|5|3|2|8|3|1|1|0
[jmi​#8380] Trash Kin'emon ["ST32-001">ST32-001]
[jmi​#8380] Deploy Perona ["OP12-034">OP12-034]
RZ1|286|1|OP13-040|0|28|1|8|1|1|0|0|0
RZ1|CHK|286|1|29|9|5|3|2|8|3|1|1|0
[jmi​#8380] Perona ["OP12-034">OP12-034]: <b>Reveal and Draw I Know You're Strong... So I'll Go All Out ["OP13-040">OP13-040]</b>
[jmi​#8380] Placing Cards on Bottom of Deck
RZ1|287|1|OP12-031|0|28|0|0|0|0|0|0|0
RZ1|CHK|287|1|29|9|5|3|2|8|3|1|1|0
RZ1|288|1|ST32-005|0|28|0|0|0|0|0|0|0
RZ1|CHK|288|1|29|9|5|3|2|8|3|1|1|0
RZ1|289|1|OP06-038|0|28|0|0|0|0|0|0|0
RZ1|CHK|289|1|29|9|5|3|2|8|3|1|1|0
RZ1|290|1|OP15-035|0|28|0|0|0|0|0|0|0
RZ1|CHK|290|1|29|9|5|3|2|8|3|1|1|0
[jmi​#8380] Drew card from deck: Law & Bepo ["ST24-004">ST24-004]
RZ1|291|1|ST24-004|0|28|1|9|1|1|0|0|0
RZ1|CHK|291|1|28|10|5|3|2|8|3|1|1|0
[jmi​#8380] Dracule Mihawk ["ST32-003">ST32-003] attacking Monkey D. Luffy ["OP13-001">OP13-001]
[jmi​#8380] Dracule Mihawk ["ST32-003">ST32-003]: Draw 1 Card
RZ1|292|1|OP14-033|1|0|6|3|1|1|0|0|0
RZ1|CHK|292|1|28|9|5|3|2|8|4|1|1|0
[jmi​#8380] Dracule Mihawk ["ST32-003">ST32-003]: Trash Perona ["OP14-033">OP14-033]
[ElShisha​#9562] Monkey D. Luffy ["OP13-001">OP13-001]: Rest Don ["Don">Don]
RZ1|293|2|Don|5|1|5|1|1|1|1|0|0
RZ1|CHK|293|2|35|7|5|3|3|6|0|0|1|1
[ElShisha​#9562] Monkey D. Luffy ["OP13-001">OP13-001]: Rest Don ["Don">Don]
RZ1|294|2|Don|5|2|5|2|1|1|1|0|0
RZ1|CHK|294|2|35|7|5|3|3|6|0|0|1|1
[ElShisha​#9562] Monkey D. Luffy ["OP13-001">OP13-001]: Buff Monkey D. Luffy ["OP13-001">OP13-001] 4000 for the Combat
Dracule Mihawk ["ST32-003">ST32-003][7000] vs Monkey D. Luffy ["OP13-001">OP13-001][9000]
Attack Fails
RZ1|295|1|Don|5|1|5|1|1|1|1|0|0
RZ1|CHK|295|1|28|9|5|3|2|8|4|1|1|0
RZ1|296|1|Don|5|2|5|2|1|1|1|0|0
RZ1|CHK|296|1|28|9|5|3|2|8|4|1|1|0
RZ1|297|1|Don|5|3|5|3|1|1|1|0|0
RZ1|CHK|297|1|28|9|5|3|2|8|4|1|1|0
RZ1|298|1|Don|5|4|5|4|1|1|1|0|0
RZ1|CHK|298|1|28|9|5|3|2|8|4|1|1|0
RZ1|299|1|Don|5|5|5|5|1|1|1|0|0
RZ1|CHK|299|1|28|9|5|3|2|8|4|1|1|0
RZ1|300|1|OP12-034|2|4|6|4|1|1|0|0|0
RZ1|CHK|300|1|28|9|4|3|2|8|5|1|1|0
RZ1|301|1|ST32-002|1|4|2|4|1|1|0|0|0
RZ1|CHK|301|1|28|8|5|3|2|8|5|1|1|0
[jmi​#8380] Drew card from deck: Dracule Mihawk ["ST32-003">ST32-003]
RZ1|302|1|ST32-003|0|27|1|8|1|1|0|0|0
RZ1|CHK|302|1|27|9|5|3|2|8|5|1|1|0
[jmi​#8380] Trash Perona ["OP12-034">OP12-034]
[jmi​#8380] Deploy Kouzuki Oden ["ST32-002">ST32-002]
[jmi​#8380] Kouzuki Oden ["ST32-002">ST32-002]: Draw 1 Card
[jmi​#8380] Kouzuki Oden ["ST32-002">ST32-002]: Sanji ["OP13-027">OP13-027] can't be rested until next turn ends
[jmi​#8380] Dracule Mihawk ["OP14-020">OP14-020]: Rest Coffin Boat ["OP14-039">OP14-039]
RZ1|303|1|Don|5|5|5|5|1|1|0|0|0
RZ1|CHK|303|1|27|9|5|3|2|8|5|1|1|0
RZ1|304|1|Don|5|4|5|4|1|1|0|0|0
RZ1|CHK|304|1|27|9|5|3|2|8|5|1|1|0
RZ1|305|1|Don|5|3|5|3|1|1|0|0|0
RZ1|CHK|305|1|27|9|5|3|2|8|5|1|1|0
[jmi​#8380] Dracule Mihawk ["OP14-020">OP14-020]: Activate 1 Don
[jmi​#8380] Dracule Mihawk ["OP14-020">OP14-020]: Activate 1 Don
[jmi​#8380] Dracule Mihawk ["OP14-020">OP14-020]: Activate 1 Don
[jmi​#8380] Dracule Mihawk ["OP14-020">OP14-020]: Can't play Cost 1 Or More Characters for the Turn!
RZ1|306|1|Don|5|7|9|300|1|1|0|0|0
RZ1|CHK|306|1|27|9|5|3|2|7|5|1|1|1
[jmi​#8380] Attach 1 Don to Kouzuki Oden ["ST32-002">ST32-002] (1 Total)
[jmi​#8380] Kouzuki Oden ["ST32-002">ST32-002] attacking Monkey D. Luffy ["OP13-001">OP13-001]
[ElShisha​#9562] Monkey D. Luffy ["OP13-001">OP13-001]: Rest Don ["Don">Don]
RZ1|307|2|Don|5|3|5|3|1|1|1|0|0
RZ1|CHK|307|2|35|7|5|3|3|6|0|0|1|1
[ElShisha​#9562] Monkey D. Luffy ["OP13-001">OP13-001]: Rest Don ["Don">Don]
RZ1|308|2|Don|5|4|5|4|1|1|1|0|0
RZ1|CHK|308|2|35|7|5|3|3|6|0|0|1|1
[ElShisha​#9562] Monkey D. Luffy ["OP13-001">OP13-001]: Buff Monkey D. Luffy ["OP13-001">OP13-001] 4000 for the Combat
Kouzuki Oden ["ST32-002">ST32-002][7000] vs Monkey D. Luffy ["OP13-001">OP13-001][9000]
Attack Fails
RZ1|309|1|Don|5|5|9|9900|1|1|0|0|0
RZ1|CHK|309|1|27|9|5|3|2|6|5|1|1|2
RZ1|310|1|Don|5|5|9|9901|1|1|0|0|0
RZ1|CHK|310|1|27|9|5|3|2|5|5|1|1|3
RZ1|311|1|Don|5|4|9|9902|1|1|0|0|0
RZ1|CHK|311|1|27|9|5|3|2|4|5|1|1|4
RZ1|312|1|Don|5|3|9|9903|1|1|0|0|0
RZ1|CHK|312|1|27|9|5|3|2|3|5|1|1|5
[jmi​#8380] Attach 4 Don to Dracule Mihawk ["OP14-020">OP14-020] (4 Total)
[jmi​#8380] Dracule Mihawk ["OP14-020">OP14-020] attacking Monkey D. Luffy ["OP13-001">OP13-001]
RZ1|313|2|OP08-036|3|2|1|7|0|1|0|0|0
RZ1|CHK|313|2|35|8|5|2|3|6|0|0|1|1
Dracule Mihawk ["OP14-020">OP14-020][9000] vs Monkey D. Luffy ["OP13-001">OP13-001][5000]
Monkey D. Luffy ["OP13-001">OP13-001] hit for 1 damage
RZ1|314|1|Don|5|2|5|2|1|1|0|0|0
RZ1|CHK|314|1|27|9|5|3|2|3|5|1|1|5
[jmi​#8380] Hand: [OP14-119,OP08-036,OP12-037,OP15-035,ST32-001,OP08-036,OP13-040,ST24-004,ST32-003]
[jmi​#8380] Board: [OP12-034,OP12-034,ST32-003,ST32-002,ST32-002]
[jmi​#8380] Trash: [OP14-119,OP15-035,ST32-001,OP14-033,OP12-034]
[jmi​#8380] Life: 3
[ElShisha​#9562] Hand: [ST31-004,OP08-036,OP06-118,EB04-007,EB04-007,OP08-036,OP13-040,OP08-036]
[ElShisha​#9562] Trash: []
[ElShisha​#9562] Board: [OP01-016,EB02-017,EB04-002,OP13-027,OP14-022]
[ElShisha​#9562] Life: 2
RZ1|315|2|Don|9|9900|5|0|1|1|1|0|0
RZ1|CHK|315|2|35|8|5|2|3|7|0|0|1|0
[jmi​#8380] Coffin Boat ["OP14-039">OP14-039]: Activate 1 Don
[jmi​#8380] End Turn
[ElShisha​#9562] Draw 1 Card
[ElShisha​#9562] Drew card from deck: Demonic Aura Nine-Sword Style Asura Dead Man's Game ["OP12-037">OP12-037]
RZ1|316|2|OP12-037|0|34|1|8|0|1|0|0|0
RZ1|CHK|316|2|34|9|5|2|3|7|0|0|1|0
RZ1|317|2|Don|4|2|5|7|1|1|0|0|0
RZ1|CHK|317|2|34|9|5|2|2|8|0|0|1|0
RZ1|318|2|Don|4|1|5|8|1|1|0|0|0
RZ1|CHK|318|2|34|9|5|2|1|9|0|0|1|0
[ElShisha​#9562] Draw 2 Don
RZ1|319|2|Don|5|0|5|0|1|1|1|0|0
RZ1|CHK|319|2|34|9|5|2|1|9|0|0|1|0
RZ1|320|2|Don|5|1|5|1|1|1|1|0|0
RZ1|CHK|320|2|34|9|5|2|1|9|0|0|1|0
RZ1|321|2|Don|5|2|5|2|1|1|1|0|0
RZ1|CHK|321|2|34|9|5|2|1|9|0|0|1|0
RZ1|322|2|Don|5|3|5|3|1|1|1|0|0
RZ1|CHK|322|2|34|9|5|2|1|9|0|0|1|0
RZ1|323|2|Don|5|4|5|4|1|1|1|0|0
RZ1|CHK|323|2|34|9|5|2|1|9|0|0|1|0
RZ1|324|2|Don|5|5|5|5|1|1|1|0|0
RZ1|CHK|324|2|34|9|5|2|1|9|0|0|1|0
RZ1|325|2|Don|5|6|5|6|1|1|1|0|0
RZ1|CHK|325|2|34|9|5|2|1|9|0|0|1|0
[ElShisha​#9562] Trash Jewelry Bonney ["EB04-002">EB04-002]
[ElShisha​#9562] Deploy Roronoa Zoro ["EB04-007">EB04-007]
RZ1|326|2|EB04-002|2|2|6|0|1|1|0|0|0
RZ1|CHK|326|2|34|9|4|2|1|9|1|0|1|0
RZ1|327|2|EB04-007|1|3|2|4|1|1|0|0|0
RZ1|CHK|327|2|34|8|5|2|1|9|1|0|1|0
[ElShisha​#9562] Roronoa Zoro ["EB04-007">EB04-007]: Grant Monkey D. Luffy ["OP13-001">OP13-001] 2000 until opponent's next turn end
[ElShisha​#9562] Attach 1 Don to Monkey D. Luffy ["OP13-001">OP13-001] (1 Total)
RZ1|328|2|Don|5|8|9|9900|1|1|0|0|0
RZ1|CHK|328|2|34|8|5|2|1|8|1|0|1|1
[ElShisha​#9562] Monkey D. Luffy ["OP13-001">OP13-001] attacking Kouzuki Oden ["ST32-002">ST32-002]
RZ1|329|1|OP15-035|1|3|6|5|1|1|0|0|0
RZ1|CHK|329|1|27|8|5|3|2|3|6|1|1|5
[jmi​#8380] Discard Laboon ["OP15-035">OP15-035] for Counter 2000
RZ1|330|1|ST32-001|1|3|6|6|1|1|0|0|0
RZ1|CHK|330|1|27|7|5|3|2|3|7|1|1|5
[jmi​#8380] Discard Kin'emon ["ST32-001">ST32-001] for Counter 1000
Monkey D. Luffy ["OP13-001">OP13-001][8000] vs Kouzuki Oden ["ST32-002">ST32-002][9000]
Attack Fails
[ElShisha​#9562] Sanji ["OP13-027">OP13-027]: Activate 1 Don
RZ1|331|2|Don|5|6|5|6|1|1|0|0|0
RZ1|CHK|331|2|34|8|5|2|1|8|1|0|1|1
[ElShisha​#9562] Usopp ["OP14-022">OP14-022]: Activate 1 Don
RZ1|332|2|Don|5|5|5|5|1|1|0|0|0
RZ1|CHK|332|2|34|8|5|2|1|8|1|0|1|1
[ElShisha​#9562] Usopp ["OP14-022">OP14-022]: Activate 1 Don
RZ1|333|2|Don|5|4|5|4|1|1|0|0|0
RZ1|CHK|333|2|34|8|5|2|1|8|1|0|1|1
[ElShisha​#9562] End Turn
[jmi​#8380] Hand: [OP14-119,OP08-036,OP12-037,OP08-036,OP13-040,ST24-004,ST32-003]
[jmi​#8380] Board: [OP12-034,OP12-034,ST32-003,ST32-002,ST32-002]
[jmi​#8380] Trash: [OP14-119,OP15-035,ST32-001,OP14-033,OP12-034,OP15-035,ST32-001]
[jmi​#8380] Life: 3
[ElShisha​#9562] Hand: [ST31-004,OP08-036,OP06-118,EB04-007,OP08-036,OP13-040,OP08-036,OP12-037]
[ElShisha​#9562] Trash: [EB04-002]
[ElShisha​#9562] Board: [OP01-016,EB02-017,OP13-027,OP14-022,EB04-007]
[ElShisha​#9562] Life: 2
RZ1|334|1|Don|9|9900|5|0|1|1|1|0|0
RZ1|CHK|334|1|27|7|5|3|2|4|7|1|1|4
RZ1|335|1|Don|9|9900|5|0|1|1|1|0|0
RZ1|CHK|335|1|27|7|5|3|2|5|7|1|1|3
RZ1|336|1|Don|9|9900|5|0|1|1|1|0|0
RZ1|CHK|336|1|27|7|5|3|2|6|7|1|1|2
RZ1|337|1|Don|9|9900|5|0|1|1|1|0|0
RZ1|CHK|337|1|27|7|5|3|2|7|7|1|1|1
RZ1|338|1|Don|9|300|5|0|1|1|1|0|0
RZ1|CHK|338|1|27|7|5|3|2|8|7|1|1|0
[jmi​#8380] Drew card from deck: Kouzuki Oden ["ST32-002">ST32-002]
RZ1|339|1|ST32-002|0|26|1|7|1|1|0|0|0
RZ1|CHK|339|1|26|8|5|3|2|8|7|1|1|0
[jmi​#8380] Draw 1 Card
RZ1|340|1|Don|4|1|5|8|1|1|0|0|0
RZ1|CHK|340|1|26|8|5|3|1|9|7|1|1|0
RZ1|341|1|Don|4|0|5|9|1|1|0|0|0
RZ1|CHK|341|1|26|8|5|3|0|10|7|1|1|0
[jmi​#8380] Draw 2 Don
[jmi​#8380] Drew card from deck: Perona ["OP14-033">OP14-033]
RZ1|342|1|OP14-033|0|25|1|8|1|1|0|0|0
RZ1|CHK|342|1|25|9|5|3|0|10|7|1|1|0
[jmi​#8380] Dracule Mihawk ["ST32-003">ST32-003] attacking Monkey D. Luffy ["OP13-001">OP13-001]
[jmi​#8380] Dracule Mihawk ["ST32-003">ST32-003]: Draw 1 Card
RZ1|343|1|OP14-033|1|8|6|7|1|1|0|0|0
RZ1|CHK|343|1|25|8|5|3|0|10|8|1|1|0
[jmi​#8380] Dracule Mihawk ["ST32-003">ST32-003]: Trash Perona ["OP14-033">OP14-033]
[ElShisha​#9562] Monkey D. Luffy ["OP13-001">OP13-001]: Rest Don ["Don">Don]
RZ1|344|2|Don|5|4|5|4|1|1|1|0|0
RZ1|CHK|344|2|34|8|5|2|1|8|1|0|1|1
[ElShisha​#9562] Monkey D. Luffy ["OP13-001">OP13-001]: Buff Monkey D. Luffy ["OP13-001">OP13-001] 2000 for the Combat
Dracule Mihawk ["ST32-003">ST32-003][7000] vs Monkey D. Luffy ["OP13-001">OP13-001][9000]
Attack Fails
RZ1|345|1|Don|5|0|5|0|1|1|1|0|0
RZ1|CHK|345|1|25|8|5|3|0|10|8|1|1|0
RZ1|346|1|Don|5|1|5|1|1|1|1|0|0
RZ1|CHK|346|1|25|8|5|3|0|10|8|1|1|0
RZ1|347|1|Don|5|2|5|2|1|1|1|0|0
RZ1|CHK|347|1|25|8|5|3|0|10|8|1|1|0
RZ1|348|1|Don|5|3|5|3|1|1|1|0|0
RZ1|CHK|348|1|25|8|5|3|0|10|8|1|1|0
RZ1|349|1|Don|5|4|5|4|1|1|1|0|0
RZ1|CHK|349|1|25|8|5|3|0|10|8|1|1|0
RZ1|350|1|Don|5|5|5|5|1|1|1|0|0
RZ1|CHK|350|1|25|8|5|3|0|10|8|1|1|0
RZ1|351|1|Don|5|6|5|6|1|1|1|0|0
RZ1|CHK|351|1|25|8|5|3|0|10|8|1|1|0
RZ1|352|1|Don|5|7|5|7|1|1|1|0|0
RZ1|CHK|352|1|25|8|5|3|0|10|8|1|1|0
RZ1|353|1|Don|5|8|5|8|1|1|1|0|0
RZ1|CHK|353|1|25|8|5|3|0|10|8|1|1|0
RZ1|354|1|Don|5|9|5|9|1|1|1|0|0
RZ1|CHK|354|1|25|8|5|3|0|10|8|1|1|0
RZ1|355|1|OP12-034|2|1|6|8|1|1|0|0|0
RZ1|CHK|355|1|25|8|4|3|0|10|9|1|1|0
RZ1|356|1|ST24-004|1|5|2|4|1|1|0|0|0
RZ1|CHK|356|1|25|7|5|3|0|10|9|1|1|0
[jmi​#8380] Trash Perona ["OP12-034">OP12-034]
[jmi​#8380] Deploy Law & Bepo ["ST24-004">ST24-004]
[jmi​#8380] Law & Bepo ["ST24-004">ST24-004]: Rest Roronoa Zoro ["EB04-007">EB04-007]
[jmi​#8380] Law & Bepo ["ST24-004">ST24-004]: Roronoa Zoro ["EB04-007">EB04-007] will not Activate during next Refresh
[jmi​#8380] Dracule Mihawk ["OP14-020">OP14-020]: Rest Coffin Boat ["OP14-039">OP14-039]
RZ1|357|1|Don|5|9|5|9|1|1|0|0|0
RZ1|CHK|357|1|25|7|5|3|0|10|9|1|1|0
RZ1|358|1|Don|5|8|5|8|1|1|0|0|0
RZ1|CHK|358|1|25|7|5|3|0|10|9|1|1|0
RZ1|359|1|Don|5|7|5|7|1|1|0|0|0
RZ1|CHK|359|1|25|7|5|3|0|10|9|1|1|0
[jmi​#8380] Dracule Mihawk ["OP14-020">OP14-020]: Activate 1 Don
[jmi​#8380] Dracule Mihawk ["OP14-020">OP14-020]: Activate 1 Don
[jmi​#8380] Dracule Mihawk ["OP14-020">OP14-020]: Activate 1 Don
[jmi​#8380] Dracule Mihawk ["OP14-020">OP14-020]: Can't play Cost 1 Or More Characters for the Turn!
RZ1|360|1|Don|5|6|5|6|1|1|0|0|0
RZ1|CHK|360|1|25|7|5|3|0|10|9|1|1|0
[jmi​#8380] Hand: [OP14-119,OP08-036,OP12-037,OP08-036,OP13-040,ST32-003,ST32-002]
[jmi​#8380] Board: [OP12-034,ST32-003,ST32-002,ST32-002,ST24-004]
[jmi​#8380] Trash: [OP14-119,OP15-035,ST32-001,OP14-033,OP12-034,OP15-035,ST32-001,OP14-033,OP12-034]
[jmi​#8380] Life: 3
[ElShisha​#9562] Hand: [ST31-004,OP08-036,OP06-118,EB04-007,OP08-036,OP13-040,OP08-036,OP12-037]
[ElShisha​#9562] Trash: [EB04-002]
[ElShisha​#9562] Board: [OP01-016,EB02-017,OP13-027,OP14-022,EB04-007]
[ElShisha​#9562] Life: 2
RZ1|361|2|Don|9|9900|5|0|1|1|1|0|0
RZ1|CHK|361|2|34|8|5|2|1|9|1|0|1|0
[jmi​#8380] Coffin Boat ["OP14-039">OP14-039]: Activate 1 Don
[jmi​#8380] End Turn
[ElShisha​#9562] Draw 1 Card
[ElShisha​#9562] Drew card from deck: Thousand Sunny ["ST31-005">ST31-005]
RZ1|362|2|ST31-005|0|33|1|8|0|1|0|0|0
RZ1|CHK|362|2|33|9|5|2|1|9|1|0|1|0
RZ1|363|2|Don|4|0|5|9|1|1|0|0|0
RZ1|CHK|363|2|33|9|5|2|0|10|1|0|1|0
[ElShisha​#9562] Draw 2 Don
RZ1|364|2|Don|5|0|5|0|1|1|1|0|0
RZ1|CHK|364|2|33|9|5|2|0|10|1|0|1|0
[ElShisha​#9562] Deploy Thousand Sunny ["ST31-005">ST31-005]
RZ1|365|2|ST31-005|1|8|7|0|1|1|0|0|0
RZ1|CHK|365|2|33|8|5|2|0|10|1|1|1|0
RZ1|366|2|OP13-118|0|29|1|8|0|1|0|0|0
RZ1|CHK|366|2|32|9|5|2|0|10|1|1|1|0
[ElShisha​#9562] Thousand Sunny ["ST31-005">ST31-005]: <b>Reveal and Draw Monkey D. Luffy ["OP13-118">OP13-118]</b>
[ElShisha​#9562] Placing Cards on Bottom of Deck
RZ1|367|2|OP05-038|0|28|0|0|0|0|0|0|0
RZ1|CHK|367|2|32|9|5|2|0|10|1|1|1|0
RZ1|368|2|OP05-038|0|29|0|0|0|0|0|0|0
RZ1|CHK|368|2|32|9|5|2|0|10|1|1|1|0
RZ1|369|2|EB04-002|0|31|0|0|0|0|0|0|0
RZ1|CHK|369|2|32|9|5|2|0|10|1|1|1|0
RZ1|370|2|ST31-005|0|31|0|0|0|0|0|0|0
RZ1|CHK|370|2|32|9|5|2|0|10|1|1|1|0
[ElShisha​#9562] Thousand Sunny ["ST31-005">ST31-005]: Rest Thousand Sunny ["ST31-005">ST31-005]
[ElShisha​#9562] Thousand Sunny ["ST31-005">ST31-005]: Attach 1 Rested Don to Monkey D. Luffy ["OP13-001">OP13-001]
RZ1|371|2|Don|5|0|9|9900|1|1|1|0|0
RZ1|CHK|371|2|32|9|5|2|0|9|1|1|1|1
[ElShisha​#9562] Monkey D. Luffy ["OP13-001">OP13-001] attacking Dracule Mihawk ["OP14-020">OP14-020]
RZ1|372|1|OP14-119|3|2|1|7|1|1|0|0|0
RZ1|CHK|372|1|25|8|5|2|0|10|9|1|1|0
Monkey D. Luffy ["OP13-001">OP13-001][6000] vs Dracule Mihawk ["OP14-020">OP14-020][5000]
Dracule Mihawk ["OP14-020">OP14-020] hit for 1 damage
[ElShisha​#9562] Sanji ["OP13-027">OP13-027] attacking Dracule Mihawk ["OP14-020">OP14-020]
RZ1|373|1|Don|5|6|5|6|1|1|1|0|0
RZ1|CHK|373|1|25|8|5|2|0|10|9|1|1|0
RZ1|374|1|OP13-040|1|4|6|9|1|1|0|0|0
RZ1|CHK|374|1|25|7|5|2|0|10|10|1|1|0
[jmi​#8380] I Know You're Strong... So I'll Go All Out ["OP13-040">OP13-040]: Activate Counter
[jmi​#8380] I Know You're Strong... So I'll Go All Out ["OP13-040">OP13-040]: Rest 1 Don
[jmi​#8380] I Know You're Strong... So I'll Go All Out ["OP13-040">OP13-040]: Buff Dracule Mihawk ["OP14-020">OP14-020] 3000 for the Combat
Sanji ["OP13-027">OP13-027][7000] vs Dracule Mihawk ["OP14-020">OP14-020][8000]
Attack Fails
RZ1|375|2|Don|5|0|5|0|1|1|1|0|0
RZ1|CHK|375|2|32|9|5|2|0|9|1|1|1|1
RZ1|376|2|Don|5|1|5|1|1|1|1|0|0
RZ1|CHK|376|2|32|9|5|2|0|9|1|1|1|1
RZ1|377|2|Don|5|2|5|2|1|1|1|0|0
RZ1|CHK|377|2|32|9|5|2|0|9|1|1|1|1
RZ1|378|2|Don|5|3|5|3|1|1|1|0|0
RZ1|CHK|378|2|32|9|5|2|0|9|1|1|1|1
RZ1|379|2|Don|5|4|5|4|1|1|1|0|0
RZ1|CHK|379|2|32|9|5|2|0|9|1|1|1|1
RZ1|380|2|Don|5|5|5|5|1|1|1|0|0
RZ1|CHK|380|2|32|9|5|2|0|9|1|1|1|1
RZ1|381|2|Don|5|6|5|6|1|1|1|0|0
RZ1|CHK|381|2|32|9|5|2|0|9|1|1|1|1
[ElShisha​#9562] Trash Nami ["EB02-017">EB02-017]
[ElShisha​#9562] Deploy Roronoa Zoro ["EB04-007">EB04-007]
RZ1|382|2|EB02-017|2|1|6|1|1|1|0|0|0
RZ1|CHK|382|2|32|9|4|2|0|9|2|1|1|1
RZ1|383|2|EB04-007|1|3|2|4|1|1|0|0|0
RZ1|CHK|383|2|32|8|5|2|0|9|2|1|1|1
[ElShisha​#9562] Roronoa Zoro ["EB04-007">EB04-007]: Grant Monkey D. Luffy ["OP13-001">OP13-001] 2000 until opponent's next turn end
[ElShisha​#9562] Roronoa Zoro ["EB04-007">EB04-007]: Give Roronoa Zoro ["EB04-007">EB04-007] Character Rush
[ElShisha​#9562] Roronoa Zoro ["EB04-007">EB04-007] attacking Dracule Mihawk ["ST32-003">ST32-003]
RZ1|384|1|ST32-003|2|1|6|10|1|1|0|0|0
RZ1|CHK|384|1|25|7|4|2|0|10|11|1|1|0
Roronoa Zoro ["EB04-007">EB04-007][9000] vs Dracule Mihawk ["ST32-003">ST32-003][7000]
[jmi​#8380] Dracule Mihawk ["ST32-003">ST32-003] Destroyed
[ElShisha​#9562] Sanji ["OP13-027">OP13-027]: Activate 1 Don
RZ1|385|2|Don|5|6|5|6|1|1|0|0|0
RZ1|CHK|385|2|32|8|5|2|0|9|2|1|1|1
[ElShisha​#9562] Usopp ["OP14-022">OP14-022]: Activate 1 Don
RZ1|386|2|Don|5|5|5|5|1|1|0|0|0
RZ1|CHK|386|2|32|8|5|2|0|9|2|1|1|1
[ElShisha​#9562] Usopp ["OP14-022">OP14-022]: Activate 1 Don
RZ1|387|2|Don|5|4|5|4|1|1|0|0|0
RZ1|CHK|387|2|32|8|5|2|0|9|2|1|1|1
[ElShisha​#9562] End Turn
[jmi​#8380] Hand: [OP14-119,OP08-036,OP12-037,OP08-036,ST32-003,ST32-002,OP14-119]
[jmi​#8380] Board: [OP12-034,ST32-002,ST32-002,ST24-004]
[jmi​#8380] Trash: [OP14-119,OP15-035,ST32-001,OP14-033,OP12-034,OP15-035,ST32-001,OP14-033,OP12-034,OP13-040,ST32-003]
[jmi​#8380] Life: 2
[ElShisha​#9562] Hand: [ST31-004,OP08-036,OP06-118,OP08-036,OP13-040,OP08-036,OP12-037,OP13-118]
[ElShisha​#9562] Trash: [EB04-002,EB02-017]
[ElShisha​#9562] Board: [OP01-016,OP13-027,OP14-022,EB04-007,EB04-007]
[ElShisha​#9562] Life: 2
[jmi​#8380] Drew card from deck: Billion-fold World Trichiliocosm ["OP06-038">OP06-038]
RZ1|388|1|OP06-038|0|24|1|7|1|1|0|0|0
RZ1|CHK|388|1|24|8|4|2|0|10|11|1|1|0
[jmi​#8380] Draw 1 Card
RZ1|389|1|Don|5|0|5|0|1|1|1|0|0
RZ1|CHK|389|1|24|8|4|2|0|10|11|1|1|0
RZ1|390|1|Don|5|1|5|1|1|1|1|0|0
RZ1|CHK|390|1|24|8|4|2|0|10|11|1|1|0
RZ1|391|1|Don|5|2|5|2|1|1|1|0|0
RZ1|CHK|391|1|24|8|4|2|0|10|11|1|1|0
RZ1|392|1|Don|5|3|5|3|1|1|1|0|0
RZ1|CHK|392|1|24|8|4|2|0|10|11|1|1|0
RZ1|393|1|Don|5|4|5|4|1|1|1|0|0
RZ1|CHK|393|1|24|8|4|2|0|10|11|1|1|0
RZ1|394|1|Don|5|5|5|5|1|1|1|0|0
RZ1|CHK|394|1|24|8|4|2|0|10|11|1|1|0
RZ1|395|1|Don|5|6|5|6|1|1|1|0|0
RZ1|CHK|395|1|24|8|4|2|0|10|11|1|1|0
RZ1|396|1|Don|5|7|5|7|1|1|1|0|0
RZ1|CHK|396|1|24|8|4|2|0|10|11|1|1|0
RZ1|397|1|Don|5|8|5|8|1|1|1|0|0
RZ1|CHK|397|1|24|8|4|2|0|10|11|1|1|0
RZ1|398|1|OP14-119|1|0|2|4|1|1|0|0|0
RZ1|CHK|398|1|24|7|5|2|0|10|11|1|1|0
[jmi​#8380] Deploy Dracule Mihawk ["OP14-119">OP14-119]
[jmi​#8380] Dracule Mihawk ["OP14-020">OP14-020]: Rest Dracule Mihawk ["OP14-119">OP14-119]
RZ1|399|1|Don|5|8|5|8|1|1|0|0|0
RZ1|CHK|399|1|24|7|5|2|0|10|11|1|1|0
RZ1|400|1|Don|5|7|5|7|1|1|0|0|0
RZ1|CHK|400|1|24|7|5|2|0|10|11|1|1|0
RZ1|401|1|Don|5|6|5|6|1|1|0|0|0
RZ1|CHK|401|1|24|7|5|2|0|10|11|1|1|0
[jmi​#8380] Dracule Mihawk ["OP14-020">OP14-020]: Activate 1 Don
[jmi​#8380] Dracule Mihawk ["OP14-020">OP14-020]: Activate 1 Don
[jmi​#8380] Dracule Mihawk ["OP14-020">OP14-020]: Activate 1 Don
[jmi​#8380] Dracule Mihawk ["OP14-020">OP14-020]: Can't play Cost 1 Or More Characters for the Turn!
[jmi​#8380] Dracule Mihawk ["OP14-119">OP14-119]: Usopp ["OP14-022">OP14-022] can't be rested until next turn ends
[jmi​#8380] Law & Bepo ["ST24-004">ST24-004] attacking Sanji ["OP13-027">OP13-027]
[ElShisha​#9562] Monkey D. Luffy ["OP13-001">OP13-001]: Rest Don ["Don">Don]
RZ1|402|2|Don|5|4|5|4|1|1|1|0|0
RZ1|CHK|402|2|32|8|5|2|0|9|2|1|1|1
[ElShisha​#9562] Monkey D. Luffy ["OP13-001">OP13-001]: Rest Don ["Don">Don]
RZ1|403|2|Don|5|5|5|5|1|1|1|0|0
RZ1|CHK|403|2|32|8|5|2|0|9|2|1|1|1
[ElShisha​#9562] Monkey D. Luffy ["OP13-001">OP13-001]: Rest Don ["Don">Don]
RZ1|404|2|Don|5|6|5|6|1|1|1|0|0
RZ1|CHK|404|2|32|8|5|2|0|9|2|1|1|1
[ElShisha​#9562] Monkey D. Luffy ["OP13-001">OP13-001]: Buff Sanji ["OP13-027">OP13-027] 6000 for the Combat
Law & Bepo ["ST24-004">ST24-004][11000] vs Sanji ["OP13-027">OP13-027][13000]
Attack Fails
RZ1|405|1|Don|5|6|5|6|1|1|1|0|0
RZ1|CHK|405|1|24|7|5|2|0|10|11|1|1|0
RZ1|406|1|Don|5|7|5|7|1|1|1|0|0
RZ1|CHK|406|1|24|7|5|2|0|10|11|1|1|0
RZ1|407|1|Don|5|8|5|8|1|1|1|0|0
RZ1|CHK|407|1|24|7|5|2|0|10|11|1|1|0
RZ1|408|1|OP08-036|1|2|6|11|1|1|0|0|0
RZ1|CHK|408|1|24|6|5|2|0|10|12|1|1|0
[jmi​#8380] Electrical Luna ["OP08-036">OP08-036]: Rest 3 Don
[jmi​#8380] Electrical Luna ["OP08-036">OP08-036]: Sanji ["OP13-027">OP13-027] will not Activate during next Refresh
[jmi​#8380] Electrical Luna ["OP08-036">OP08-036]: Roronoa Zoro ["EB04-007">EB04-007] will not Activate during next Refresh
[jmi​#8380] Electrical Luna ["OP08-036">OP08-036]: Roronoa Zoro ["EB04-007">EB04-007] will not Activate during next Refresh
RZ1|409|1|Don|5|8|5|8|1|1|0|0|0
RZ1|CHK|409|1|24|6|5|2|0|10|12|1|1|0
[jmi​#8380] Hand: [OP08-036,OP12-037,ST32-003,ST32-002,OP14-119,OP06-038]
[jmi​#8380] Board: [OP12-034,ST32-002,ST32-002,ST24-004,OP14-119]
[jmi​#8380] Trash: [OP14-119,OP15-035,ST32-001,OP14-033,OP12-034,OP15-035,ST32-001,OP14-033,OP12-034,OP13-040,ST32-003,OP08-036]
[jmi​#8380] Life: 2
[ElShisha​#9562] Hand: [ST31-004,OP08-036,OP06-118,OP08-036,OP13-040,OP08-036,OP12-037,OP13-118]
[ElShisha​#9562] Trash: [EB04-002,EB02-017]
[ElShisha​#9562] Board: [OP01-016,OP13-027,OP14-022,EB04-007,EB04-007]
[ElShisha​#9562] Life: 2
RZ1|410|2|Don|9|9900|5|0|1|1|1|0|0
RZ1|CHK|410|2|32|8|5|2|0|10|2|1|1|0
[jmi​#8380] Coffin Boat ["OP14-039">OP14-039]: Activate 1 Don
[jmi​#8380] End Turn
[ElShisha​#9562] Draw 1 Card
[ElShisha​#9562] Drew card from deck: Roronoa Zoro ["EB04-007">EB04-007]
RZ1|411|2|EB04-007|0|31|1|8|0|1|0|0|0
RZ1|CHK|411|2|31|9|5|2|0|10|2|1|1|0
RZ1|412|2|Don|5|0|5|0|1|1|1|0|0
RZ1|CHK|412|2|31|9|5|2|0|10|2|1|1|0
RZ1|413|2|Don|5|1|5|1|1|1|1|0|0
RZ1|CHK|413|2|31|9|5|2|0|10|2|1|1|0
RZ1|414|2|Don|5|2|5|2|1|1|1|0|0
RZ1|CHK|414|2|31|9|5|2|0|10|2|1|1|0
RZ1|415|2|Don|5|3|5|3|1|1|1|0|0
RZ1|CHK|415|2|31|9|5|2|0|10|2|1|1|0
RZ1|416|2|Don|5|4|5|4|1|1|1|0|0
RZ1|CHK|416|2|31|9|5|2|0|10|2|1|1|0
RZ1|417|2|Don|5|5|5|5|1|1|1|0|0
RZ1|CHK|417|2|31|9|5|2|0|10|2|1|1|0
RZ1|418|2|Don|5|6|5|6|1|1|1|0|0
RZ1|CHK|418|2|31|9|5|2|0|10|2|1|1|0
[ElShisha​#9562] Trash Nami ["OP01-016">OP01-016]
[ElShisha​#9562] Deploy Monkey D. Luffy ["ST31-004">ST31-004]
RZ1|419|2|OP01-016|2|0|6|2|1|1|0|0|0
RZ1|CHK|419|2|31|9|4|2|0|10|3|1|1|0
RZ1|420|2|ST31-004|1|0|2|4|1|1|0|0|0
RZ1|CHK|420|2|31|8|5|2|0|10|3|1|1|0
[ElShisha​#9562] Monkey D. Luffy ["ST31-004">ST31-004]: Buff Dracule Mihawk ["OP14-119">OP14-119] -7000
[ElShisha​#9562] Thousand Sunny ["ST31-005">ST31-005]: Rest Thousand Sunny ["ST31-005">ST31-005]
[ElShisha​#9562] Thousand Sunny ["ST31-005">ST31-005]: Attach 1 Rested Don to Monkey D. Luffy ["OP13-001">OP13-001]
RZ1|421|2|Don|5|0|9|9900|1|1|1|0|0
RZ1|CHK|421|2|31|8|5|2|0|9|3|1|1|1
[ElShisha​#9562] Monkey D. Luffy ["OP13-001">OP13-001] attacking Dracule Mihawk ["OP14-119">OP14-119]
RZ1|422|1|ST32-003|1|2|6|12|1|1|0|0|0
RZ1|CHK|422|1|24|5|5|2|0|10|13|1|1|0
[jmi​#8380] Dracule Mihawk ["OP14-119">OP14-119]: Trash Dracule Mihawk ["ST32-003">ST32-003]
[jmi​#8380] Dracule Mihawk ["OP14-119">OP14-119]: Buff Dracule Mihawk ["OP14-119">OP14-119] 2000 for the Combat
RZ1|423|1|Don|5|8|5|8|1|1|1|0|0
RZ1|CHK|423|1|24|5|5|2|0|10|13|1|1|0
RZ1|424|1|OP06-038|1|4|6|13|1|1|0|0|0
RZ1|CHK|424|1|24|4|5|2|0|10|14|1|1|0
[jmi​#8380] Billion-fold World Trichiliocosm ["OP06-038">OP06-038]: Activate Counter
[jmi​#8380] Billion-fold World Trichiliocosm ["OP06-038">OP06-038]: Rest 1 Don
[jmi​#8380] Billion-fold World Trichiliocosm ["OP06-038">OP06-038]: Buff Dracule Mihawk ["OP14-119">OP14-119] 2000 for the Combat
[jmi​#8380] Billion-fold World Trichiliocosm ["OP06-038">OP06-038]: Buff Dracule Mihawk ["OP14-119">OP14-119] 2000 for the Combat
Monkey D. Luffy ["OP13-001">OP13-001][6000] vs Dracule Mihawk ["OP14-119">OP14-119][9000]
Attack Fails
[ElShisha​#9562] Attach 2 Don to Monkey D. Luffy ["ST31-004">ST31-004] (2 Total)
RZ1|425|2|Don|5|8|9|400|1|1|0|0|0
RZ1|CHK|425|2|31|8|5|2|0|8|3|1|1|2
RZ1|426|2|Don|5|7|9|401|1|1|0|0|0
RZ1|CHK|426|2|31|8|5|2|0|7|3|1|1|3
[ElShisha​#9562] Monkey D. Luffy ["ST31-004">ST31-004] attacking Dracule Mihawk ["OP14-119">OP14-119]
RZ1|427|1|OP14-119|2|4|6|14|1|1|0|0|0
RZ1|CHK|427|1|24|4|4|2|0|10|15|1|1|0
Monkey D. Luffy ["ST31-004">ST31-004][11000] vs Dracule Mihawk ["OP14-119">OP14-119][3000]
[jmi​#8380] Dracule Mihawk ["OP14-119">OP14-119] Destroyed
[ElShisha​#9562] Sanji ["OP13-027">OP13-027]: Activate 1 Don
RZ1|428|2|Don|5|5|5|5|1|1|0|0|0
RZ1|CHK|428|2|31|8|5|2|0|7|3|1|1|3
[ElShisha​#9562] Usopp ["OP14-022">OP14-022]: Activate 1 Don
RZ1|429|2|Don|5|4|5|4|1|1|0|0|0
RZ1|CHK|429|2|31|8|5|2|0|7|3|1|1|3
[ElShisha​#9562] Usopp ["OP14-022">OP14-022]: Activate 1 Don
RZ1|430|2|Don|5|3|5|3|1|1|0|0|0
RZ1|CHK|430|2|31|8|5|2|0|7|3|1|1|3
[ElShisha​#9562] End Turn
[jmi​#8380] Hand: [OP08-036,OP12-037,ST32-002,OP14-119]
[jmi​#8380] Board: [OP12-034,ST32-002,ST32-002,ST24-004]
[jmi​#8380] Trash: [OP14-119,OP15-035,ST32-001,OP14-033,OP12-034,OP15-035,ST32-001,OP14-033,OP12-034,OP13-040,ST32-003,OP08-036,ST32-003,OP06-038,OP14-119]
[jmi​#8380] Life: 2
[ElShisha​#9562] Hand: [OP08-036,OP06-118,OP08-036,OP13-040,OP08-036,OP12-037,OP13-118,EB04-007]
[ElShisha​#9562] Trash: [EB04-002,EB02-017,OP01-016]
[ElShisha​#9562] Board: [OP13-027,OP14-022,EB04-007,EB04-007,ST31-004]
[ElShisha​#9562] Life: 2
[jmi​#8380] Drew card from deck: Roronoa Zoro ["ST32-005">ST32-005]
RZ1|431|1|ST32-005|0|23|1|4|1|1|0|0|0
RZ1|CHK|431|1|23|5|4|2|0|10|15|1|1|0
[jmi​#8380] Draw 1 Card
[jmi​#8380] Law & Bepo ["ST24-004">ST24-004] attacking Monkey D. Luffy ["OP13-001">OP13-001]
RZ1|432|2|OP14-022|3|1|1|8|0|1|0|0|0
RZ1|CHK|432|2|31|9|5|1|0|7|3|1|1|3
Law & Bepo ["ST24-004">ST24-004][11000] vs Monkey D. Luffy ["OP13-001">OP13-001][5000]
Monkey D. Luffy ["OP13-001">OP13-001] hit for 1 damage
[jmi​#8380] Dracule Mihawk ["OP14-020">OP14-020] attacking Monkey D. Luffy ["OP13-001">OP13-001]
[ElShisha​#9562] Monkey D. Luffy ["OP13-001">OP13-001]: Rest Don ["Don">Don]
RZ1|433|2|Don|5|3|5|3|1|1|1|0|0
RZ1|CHK|433|2|31|9|5|1|0|7|3|1|1|3
[ElShisha​#9562] Monkey D. Luffy ["OP13-001">OP13-001]: Buff Monkey D. Luffy ["OP13-001">OP13-001] 2000 for the Combat
Dracule Mihawk ["OP14-020">OP14-020][5000] vs Monkey D. Luffy ["OP13-001">OP13-001][7000]
Attack Fails
RZ1|434|1|Don|5|0|5|0|1|1|1|0|0
RZ1|CHK|434|1|23|5|4|2|0|10|15|1|1|0
RZ1|435|1|Don|5|1|5|1|1|1|1|0|0
RZ1|CHK|435|1|23|5|4|2|0|10|15|1|1|0
RZ1|436|1|Don|5|2|5|2|1|1|1|0|0
RZ1|CHK|436|1|23|5|4|2|0|10|15|1|1|0
RZ1|437|1|Don|5|3|5|3|1|1|1|0|0
RZ1|CHK|437|1|23|5|4|2|0|10|15|1|1|0
RZ1|438|1|Don|5|4|5|4|1|1|1|0|0
RZ1|CHK|438|1|23|5|4|2|0|10|15|1|1|0
RZ1|439|1|Don|5|5|5|5|1|1|1|0|0
RZ1|CHK|439|1|23|5|4|2|0|10|15|1|1|0
RZ1|440|1|Don|5|6|5|6|1|1|1|0|0
RZ1|CHK|440|1|23|5|4|2|0|10|15|1|1|0
RZ1|441|1|Don|5|7|5|7|1|1|1|0|0
RZ1|CHK|441|1|23|5|4|2|0|10|15|1|1|0
RZ1|442|1|Don|5|8|5|8|1|1|1|0|0
RZ1|CHK|442|1|23|5|4|2|0|10|15|1|1|0
RZ1|443|1|OP14-119|1|3|2|4|1|1|0|0|0
RZ1|CHK|443|1|23|4|5|2|0|10|15|1|1|0
[jmi​#8380] Deploy Dracule Mihawk ["OP14-119">OP14-119]
[jmi​#8380] Dracule Mihawk ["OP14-020">OP14-020]: Rest Dracule Mihawk ["OP14-119">OP14-119]
RZ1|444|1|Don|5|8|5|8|1|1|0|0|0
RZ1|CHK|444|1|23|4|5|2|0|10|15|1|1|0
RZ1|445|1|Don|5|7|5|7|1|1|0|0|0
RZ1|CHK|445|1|23|4|5|2|0|10|15|1|1|0
RZ1|446|1|Don|5|6|5|6|1|1|0|0|0
RZ1|CHK|446|1|23|4|5|2|0|10|15|1|1|0
[jmi​#8380] Dracule Mihawk ["OP14-020">OP14-020]: Activate 1 Don
[jmi​#8380] Dracule Mihawk ["OP14-020">OP14-020]: Activate 1 Don
[jmi​#8380] Dracule Mihawk ["OP14-020">OP14-020]: Activate 1 Don
[jmi​#8380] Dracule Mihawk ["OP14-020">OP14-020]: Can't play Cost 1 Or More Characters for the Turn!
[jmi​#8380] Dracule Mihawk ["OP14-119">OP14-119]: Usopp ["OP14-022">OP14-022] can't be rested until next turn ends
RZ1|447|1|Don|5|6|5|6|1|1|1|0|0
RZ1|CHK|447|1|23|4|5|2|0|10|15|1|1|0
RZ1|448|1|Don|5|7|5|7|1|1|1|0|0
RZ1|CHK|448|1|23|4|5|2|0|10|15|1|1|0
RZ1|449|1|Don|5|8|5|8|1|1|1|0|0
RZ1|CHK|449|1|23|4|5|2|0|10|15|1|1|0
RZ1|450|1|OP08-036|1|0|6|15|1|1|0|0|0
RZ1|CHK|450|1|23|3|5|2|0|10|16|1|1|0
[jmi​#8380] Electrical Luna ["OP08-036">OP08-036]: Rest 3 Don
[jmi​#8380] Electrical Luna ["OP08-036">OP08-036]: Sanji ["OP13-027">OP13-027] will not Activate during next Refresh
[jmi​#8380] Electrical Luna ["OP08-036">OP08-036]: Roronoa Zoro ["EB04-007">EB04-007] will not Activate during next Refresh
[jmi​#8380] Electrical Luna ["OP08-036">OP08-036]: Roronoa Zoro ["EB04-007">EB04-007] will not Activate during next Refresh
[jmi​#8380] Electrical Luna ["OP08-036">OP08-036]: Monkey D. Luffy ["ST31-004">ST31-004] will not Activate during next Refresh
RZ1|451|1|Don|5|8|5|8|1|1|0|0|0
RZ1|CHK|451|1|23|3|5|2|0|10|16|1|1|0
[jmi​#8380] Hand: [OP12-037,ST32-002,ST32-005]
[jmi​#8380] Board: [OP12-034,ST32-002,ST32-002,ST24-004,OP14-119]
[jmi​#8380] Trash: [OP14-119,OP15-035,ST32-001,OP14-033,OP12-034,OP15-035,ST32-001,OP14-033,OP12-034,OP13-040,ST32-003,OP08-036,ST32-003,OP06-038,OP14-119,OP08-036]
[jmi​#8380] Life: 2
[ElShisha​#9562] Hand: [OP08-036,OP06-118,OP08-036,OP13-040,OP08-036,OP12-037,OP13-118,EB04-007,OP14-022]
[ElShisha​#9562] Trash: [EB04-002,EB02-017,OP01-016]
[ElShisha​#9562] Board: [OP13-027,OP14-022,EB04-007,EB04-007,ST31-004]
[ElShisha​#9562] Life: 1
RZ1|452|2|Don|9|9900|5|0|1|1|1|0|0
RZ1|CHK|452|2|31|9|5|1|0|8|3|1|1|2
RZ1|453|2|Don|9|400|5|0|1|1|1|0|0
RZ1|CHK|453|2|31|9|5|1|0|9|3|1|1|1
RZ1|454|2|Don|9|400|5|0|1|1|1|0|0
RZ1|CHK|454|2|31|9|5|1|0|10|3|1|1|0
[jmi​#8380] Coffin Boat ["OP14-039">OP14-039]: Activate 1 Don
[jmi​#8380] End Turn
[ElShisha​#9562] Draw 1 Card
[ElShisha​#9562] Drew card from deck: Laboon ["OP15-035">OP15-035]
RZ1|455|2|OP15-035|0|30|1|9|0|1|0|0|0
RZ1|CHK|455|2|30|10|5|1|0|10|3|1|1|0
RZ1|456|2|Don|5|0|5|0|1|1|1|0|0
RZ1|CHK|456|2|30|10|5|1|0|10|3|1|1|0
RZ1|457|2|Don|5|1|5|1|1|1|1|0|0
RZ1|CHK|457|2|30|10|5|1|0|10|3|1|1|0
RZ1|458|2|Don|5|2|5|2|1|1|1|0|0
RZ1|CHK|458|2|30|10|5|1|0|10|3|1|1|0
RZ1|459|2|Don|5|3|5|3|1|1|1|0|0
RZ1|CHK|459|2|30|10|5|1|0|10|3|1|1|0
RZ1|460|2|Don|5|4|5|4|1|1|1|0|0
RZ1|CHK|460|2|30|10|5|1|0|10|3|1|1|0
RZ1|461|2|Don|5|5|5|5|1|1|1|0|0
RZ1|CHK|461|2|30|10|5|1|0|10|3|1|1|0
RZ1|462|2|Don|5|6|5|6|1|1|1|0|0
RZ1|CHK|462|2|30|10|5|1|0|10|3|1|1|0
[ElShisha​#9562] Trash Monkey D. Luffy ["ST31-004">ST31-004]
[ElShisha​#9562] Deploy Roronoa Zoro ["EB04-007">EB04-007]
RZ1|463|2|ST31-004|2|4|6|3|1|1|0|0|0
RZ1|CHK|463|2|30|10|4|1|0|10|4|1|1|0
RZ1|464|2|EB04-007|1|7|2|4|1|1|0|0|0
RZ1|CHK|464|2|30|9|5|1|0|10|4|1|1|0
[ElShisha​#9562] Roronoa Zoro ["EB04-007">EB04-007]: Grant Monkey D. Luffy ["OP13-001">OP13-001] 2000 until opponent's next turn end
[ElShisha​#9562] Thousand Sunny ["ST31-005">ST31-005]: Rest Thousand Sunny ["ST31-005">ST31-005]
[ElShisha​#9562] Thousand Sunny ["ST31-005">ST31-005]: Attach 1 Rested Don to Monkey D. Luffy ["OP13-001">OP13-001]
RZ1|465|2|Don|5|0|9|9900|1|1|1|0|0
RZ1|CHK|465|2|30|9|5|1|0|9|4|1|1|1
[ElShisha​#9562] Monkey D. Luffy ["OP13-001">OP13-001] attacking Dracule Mihawk ["OP14-020">OP14-020]
RZ1|466|1|OP13-040|3|1|1|3|1|1|0|0|0
RZ1|CHK|466|1|23|4|5|1|0|10|16|1|1|0
Monkey D. Luffy ["OP13-001">OP13-001][8000] vs Dracule Mihawk ["OP14-020">OP14-020][5000]
Dracule Mihawk ["OP14-020">OP14-020] hit for 1 damage
[ElShisha​#9562] Roronoa Zoro ["EB04-007">EB04-007]: Give Roronoa Zoro ["EB04-007">EB04-007] Character Rush
[ElShisha​#9562] Attach 1 Don to Roronoa Zoro ["EB04-007">EB04-007] (1 Total)
RZ1|467|2|Don|5|8|9|400|1|1|0|0|0
RZ1|CHK|467|2|30|9|5|1|0|8|4|1|1|2
[ElShisha​#9562] Roronoa Zoro ["EB04-007">EB04-007] attacking Dracule Mihawk ["OP14-119">OP14-119]
RZ1|468|1|ST32-002|1|1|6|16|1|1|0|0|0
RZ1|CHK|468|1|23|3|5|1|0|10|17|1|1|0
[jmi​#8380] Discard Kouzuki Oden ["ST32-002">ST32-002] for Counter 1000
Roronoa Zoro ["EB04-007">EB04-007][10000] vs Dracule Mihawk ["OP14-119">OP14-119][11000]
Attack Fails
[ElShisha​#9562] Sanji ["OP13-027">OP13-027]: Activate 1 Don
RZ1|469|2|Don|5|5|5|5|1|1|0|0|0
RZ1|CHK|469|2|30|9|5|1|0|8|4|1|1|2
[ElShisha​#9562] Usopp ["OP14-022">OP14-022]: Activate 1 Don
RZ1|470|2|Don|5|4|5|4|1|1|0|0|0
RZ1|CHK|470|2|30|9|5|1|0|8|4|1|1|2
[ElShisha​#9562] Usopp ["OP14-022">OP14-022]: Activate 1 Don
RZ1|471|2|Don|5|3|5|3|1|1|0|0|0
RZ1|CHK|471|2|30|9|5|1|0|8|4|1|1|2
[ElShisha​#9562] End Turn
[jmi​#8380] Hand: [OP12-037,ST32-005,OP13-040]
[jmi​#8380] Board: [OP12-034,ST32-002,ST32-002,ST24-004,OP14-119]
[jmi​#8380] Trash: [OP14-119,OP15-035,ST32-001,OP14-033,OP12-034,OP15-035,ST32-001,OP14-033,OP12-034,OP13-040,ST32-003,OP08-036,ST32-003,OP06-038,OP14-119,OP08-036,ST32-002]
[jmi​#8380] Life: 1
[ElShisha​#9562] Hand: [OP08-036,OP06-118,OP08-036,OP13-040,OP08-036,OP12-037,OP13-118,OP14-022,OP15-035]
[ElShisha​#9562] Trash: [EB04-002,EB02-017,OP01-016,ST31-004]
[ElShisha​#9562] Board: [OP13-027,OP14-022,EB04-007,EB04-007,EB04-007]
[ElShisha​#9562] Life: 1
[jmi​#8380] Drew card from deck: Kin'emon ["ST32-001">ST32-001]
RZ1|472|1|ST32-001|0|22|1|3|1|1|0|0|0
RZ1|CHK|472|1|22|4|5|1|0|10|17|1|1|0
[jmi​#8380] Draw 1 Card
RZ1|473|1|Don|5|0|5|0|1|1|1|0|0
RZ1|CHK|473|1|22|4|5|1|0|10|17|1|1|0
RZ1|474|1|OP12-034|2|0|6|17|1|1|0|0|0
RZ1|CHK|474|1|22|4|4|1|0|10|18|1|1|0
RZ1|475|1|ST32-001|1|3|2|4|1|1|0|0|0
RZ1|CHK|475|1|22|3|5|1|0|10|18|1|1|0
[jmi​#8380] Trash Perona ["OP12-034">OP12-034]
[jmi​#8380] Deploy Kin'emon ["ST32-001">ST32-001]
RZ1|476|1|Don|5|1|5|1|1|1|1|0|0
RZ1|CHK|476|1|22|3|5|1|0|10|18|1|1|0
[jmi​#8380] Drew card from deck: Laboon ["OP15-035">OP15-035]
RZ1|477|1|OP15-035|0|21|1|3|1|1|0|0|0
RZ1|CHK|477|1|21|4|5|1|0|10|18|1|1|0
[jmi​#8380] Drew card from deck: Perona ["OP14-033">OP14-033]
RZ1|478|1|OP14-033|0|20|1|4|1|1|0|0|0
RZ1|CHK|478|1|20|5|5|1|0|10|18|1|1|0
[jmi​#8380] Kin'emon ["ST32-001">ST32-001]: Rest Don ["Don">Don]
[jmi​#8380] Kin'emon ["ST32-001">ST32-001]: Draw 2 Card
RZ1|479|1|OP14-033|1|4|6|18|1|1|0|0|0
RZ1|CHK|479|1|20|4|5|1|0|10|19|1|1|0
[jmi​#8380] Kin'emon ["ST32-001">ST32-001]: Trash Perona ["OP14-033">OP14-033]
[jmi​#8380] Law & Bepo ["ST24-004">ST24-004] attacking Monkey D. Luffy ["OP13-001">OP13-001]
[ElShisha​#9562] Monkey D. Luffy ["OP13-001">OP13-001]: Rest Don ["Don">Don]
RZ1|480|2|Don|5|3|5|3|1|1|1|0|0
RZ1|CHK|480|2|30|9|5|1|0|8|4|1|1|2
[ElShisha​#9562] Monkey D. Luffy ["OP13-001">OP13-001]: Rest Don ["Don">Don]
RZ1|481|2|Don|5|4|5|4|1|1|1|0|0
RZ1|CHK|481|2|30|9|5|1|0|8|4|1|1|2
[ElShisha​#9562] Monkey D. Luffy ["OP13-001">OP13-001]: Buff Monkey D. Luffy ["OP13-001">OP13-001] 4000 for the Combat
[ElShisha​#9562] Discard Usopp ["OP14-022">OP14-022] for Counter 1000
RZ1|482|2|OP14-022|1|7|6|4|1|1|0|0|0
RZ1|CHK|482|2|30|8|5|1|0|8|5|1|1|2
Law & Bepo ["ST24-004">ST24-004][11000] vs Monkey D. Luffy ["OP13-001">OP13-001][12000]
Attack Fails
RZ1|483|1|Don|5|9|9|100|1|1|0|0|0
RZ1|CHK|483|1|20|4|5|1|0|9|19|1|1|1
[jmi​#8380] Attach 1 Don to Kouzuki Oden ["ST32-002">ST32-002] (1 Total)
[jmi​#8380] Kouzuki Oden ["ST32-002">ST32-002] attacking Monkey D. Luffy ["OP13-001">OP13-001]
[ElShisha​#9562] Monkey D. Luffy ["OP13-001">OP13-001]: Rest Don ["Don">Don]
RZ1|484|2|Don|5|5|5|5|1|1|1|0|0
RZ1|CHK|484|2|30|8|5|1|0|8|5|1|1|2
[ElShisha​#9562] Monkey D. Luffy ["OP13-001">OP13-001]: Buff Monkey D. Luffy ["OP13-001">OP13-001] 2000 for the Combat
Kouzuki Oden ["ST32-002">ST32-002][7000] vs Monkey D. Luffy ["OP13-001">OP13-001][9000]
Attack Fails
RZ1|485|1|Don|5|8|9|0|1|1|0|0|0
RZ1|CHK|485|1|20|4|5|1|0|8|19|1|1|2
[jmi​#8380] Attach 1 Don to Kouzuki Oden ["ST32-002">ST32-002] (1 Total)
[jmi​#8380] Kouzuki Oden ["ST32-002">ST32-002] attacking Monkey D. Luffy ["OP13-001">OP13-001]
[ElShisha​#9562] Monkey D. Luffy ["OP13-001">OP13-001]: Rest Don ["Don">Don]
RZ1|486|2|Don|5|6|5|6|1|1|1|0|0
RZ1|CHK|486|2|30|8|5|1|0|8|5|1|1|2
[ElShisha​#9562] Monkey D. Luffy ["OP13-001">OP13-001]: Buff Monkey D. Luffy ["OP13-001">OP13-001] 2000 for the Combat
Kouzuki Oden ["ST32-002">ST32-002][7000] vs Monkey D. Luffy ["OP13-001">OP13-001][9000]
Attack Fails
RZ1|487|1|Don|5|7|9|300|1|1|0|0|0
RZ1|CHK|487|1|20|4|5|1|0|7|19|1|1|3
[jmi​#8380] Attach 1 Don to Dracule Mihawk ["OP14-119">OP14-119] (1 Total)
[jmi​#8380] Dracule Mihawk ["OP14-119">OP14-119] attacking Sanji ["OP13-027">OP13-027]
[jmi​#8380] Dracule Mihawk ["OP14-119">OP14-119]: Roronoa Zoro ["EB04-007">EB04-007] can't be rested until next turn ends
RZ1|488|2|OP13-027|2|0|6|5|1|1|0|0|0
RZ1|CHK|488|2|30|8|4|1|0|8|6|1|1|2
Dracule Mihawk ["OP14-119">OP14-119][11000] vs Sanji ["OP13-027">OP13-027][7000]
[ElShisha​#9562] Sanji ["OP13-027">OP13-027] Destroyed
RZ1|489|1|Don|5|2|5|2|1|1|1|0|0
RZ1|CHK|489|1|20|4|5|1|0|7|19|1|1|3
RZ1|490|1|OP13-040|1|2|6|19|1|1|0|0|0
RZ1|CHK|490|1|20|3|5|1|0|7|20|1|1|3
[jmi​#8380] I Know You're Strong... So I'll Go All Out ["OP13-040">OP13-040]: Rest 1 Don
RZ1|491|1|Don|5|3|5|3|1|1|1|0|0
RZ1|CHK|491|1|20|3|5|1|0|7|20|1|1|3
RZ1|492|1|Don|5|4|5|4|1|1|1|0|0
RZ1|CHK|492|1|20|3|5|1|0|7|20|1|1|3
[jmi​#8380] I Know You're Strong... So I'll Go All Out ["OP13-040">OP13-040]: Rest 2 Don
[jmi​#8380] I Know You're Strong... So I'll Go All Out ["OP13-040">OP13-040]: Roronoa Zoro ["EB04-007">EB04-007] will not Activate during next Refresh
[jmi​#8380] I Know You're Strong... So I'll Go All Out ["OP13-040">OP13-040]: Roronoa Zoro ["EB04-007">EB04-007] will not Activate during next Refresh
[jmi​#8380] Dracule Mihawk ["OP14-020">OP14-020]: Rest Coffin Boat ["OP14-039">OP14-039]
RZ1|493|1|Don|5|4|5|4|1|1|0|0|0
RZ1|CHK|493|1|20|3|5|1|0|7|20|1|1|3
RZ1|494|1|Don|5|3|5|3|1|1|0|0|0
RZ1|CHK|494|1|20|3|5|1|0|7|20|1|1|3
RZ1|495|1|Don|5|2|5|2|1|1|0|0|0
RZ1|CHK|495|1|20|3|5|1|0|7|20|1|1|3
[jmi​#8380] Dracule Mihawk ["OP14-020">OP14-020]: Activate 1 Don
[jmi​#8380] Dracule Mihawk ["OP14-020">OP14-020]: Activate 1 Don
[jmi​#8380] Dracule Mihawk ["OP14-020">OP14-020]: Activate 1 Don
[jmi​#8380] Dracule Mihawk ["OP14-020">OP14-020]: Can't play Cost 1 Or More Characters for the Turn!
RZ1|496|1|Don|5|5|9|9900|1|1|0|0|0
RZ1|CHK|496|1|20|3|5|1|0|6|20|1|1|4
RZ1|497|1|Don|5|4|9|9901|1|1|0|0|0
RZ1|CHK|497|1|20|3|5|1|0|5|20|1|1|5
RZ1|498|1|Don|5|3|9|9902|1|1|0|0|0
RZ1|CHK|498|1|20|3|5|1|0|4|20|1|1|6
RZ1|499|1|Don|5|3|9|9903|1|1|0|0|0
RZ1|CHK|499|1|20|3|5|1|0|3|20|1|1|7
[jmi​#8380] Attach 4 Don to Dracule Mihawk ["OP14-020">OP14-020] (4 Total)
[jmi​#8380] Dracule Mihawk ["OP14-020">OP14-020] attacking Monkey D. Luffy ["OP13-001">OP13-001]
[ElShisha​#9562] Monkey D. Luffy ["OP13-001">OP13-001]: Rest Don ["Don">Don]
RZ1|500|2|Don|5|7|5|7|1|1|1|0|0
RZ1|CHK|500|2|30|8|4|1|0|8|6|1|1|2
[ElShisha​#9562] Monkey D. Luffy ["OP13-001">OP13-001]: Buff Monkey D. Luffy ["OP13-001">OP13-001] 2000 for the Combat
[ElShisha​#9562] Discard Laboon ["OP15-035">OP15-035] for Counter 2000
RZ1|501|2|OP15-035|1|7|6|6|1|1|0|0|0
RZ1|CHK|501|2|30|7|4|1|0|8|7|1|1|2
Dracule Mihawk ["OP14-020">OP14-020][9000] vs Monkey D. Luffy ["OP13-001">OP13-001][11000]
Attack Fails
RZ1|502|1|Don|5|1|5|1|1|1|0|0|0
RZ1|CHK|502|1|20|3|5|1|0|3|20|1|1|7
[jmi​#8380] Hand: [OP12-037,ST32-005,OP15-035]
[jmi​#8380] Board: [ST32-002,ST32-002,ST24-004,OP14-119,ST32-001]
[jmi​#8380] Trash: [OP14-119,OP15-035,ST32-001,OP14-033,OP12-034,OP15-035,ST32-001,OP14-033,OP12-034,OP13-040,ST32-003,OP08-036,ST32-003,OP06-038,OP14-119,OP08-036,ST32-002,OP12-034,OP14-033,OP13-040]
[jmi​#8380] Life: 1
[ElShisha​#9562] Hand: [OP08-036,OP06-118,OP08-036,OP13-040,OP08-036,OP12-037,OP13-118]
[ElShisha​#9562] Trash: [EB04-002,EB02-017,OP01-016,ST31-004,OP14-022,OP13-027,OP15-035]
[ElShisha​#9562] Board: [OP14-022,EB04-007,EB04-007,EB04-007]
[ElShisha​#9562] Life: 1
RZ1|503|2|Don|9|9900|5|0|1|1|1|0|0
RZ1|CHK|503|2|30|7|4|1|0|9|7|1|1|1
RZ1|504|2|Don|9|300|5|0|1|1|1|0|0
RZ1|CHK|504|2|30|7|4|1|0|10|7|1|1|0
[jmi​#8380] Coffin Boat ["OP14-039">OP14-039]: Activate 1 Don
[jmi​#8380] End Turn
[ElShisha​#9562] Draw 1 Card
[ElShisha​#9562] Drew card from deck: Jewelry Bonney ["EB04-002">EB04-002]
RZ1|505|2|EB04-002|0|29|1|7|0|1|0|0|0
RZ1|CHK|505|2|29|8|4|1|0|10|7|1|1|0
[ElShisha​#9562] Demonic Aura Nine-Sword Style Asura Dead Man's Game ["OP12-037">OP12-037]: Rest 1 Don
RZ1|506|2|Don|5|0|5|0|1|1|1|0|0
RZ1|CHK|506|2|29|8|4|1|0|10|7|1|1|0
RZ1|507|2|OP12-037|1|5|6|7|1|1|0|0|0
RZ1|CHK|507|2|29|7|4|1|0|10|8|1|1|0
[ElShisha​#9562] Demonic Aura Nine-Sword Style Asura Dead Man's Game ["OP12-037">OP12-037]: Rest 3 Don
RZ1|508|2|Don|5|1|5|1|1|1|1|0|0
RZ1|CHK|508|2|29|7|4|1|0|10|8|1|1|0
RZ1|509|2|Don|5|2|5|2|1|1|1|0|0
RZ1|CHK|509|2|29|7|4|1|0|10|8|1|1|0
RZ1|510|2|Don|5|3|5|3|1|1|1|0|0
RZ1|CHK|510|2|29|7|4|1|0|10|8|1|1|0
[ElShisha​#9562] Demonic Aura Nine-Sword Style Asura Dead Man's Game ["OP12-037">OP12-037] Rest 1 Opponent Don
RZ1|511|1|Don|5|1|5|1|1|1|1|0|0
RZ1|CHK|511|1|20|3|5|1|0|3|20|1|1|7
[ElShisha​#9562] Demonic Aura Nine-Sword Style Asura Dead Man's Game ["OP12-037">OP12-037] Rest 1 Opponent Don
RZ1|512|1|Don|5|2|5|2|1|1|1|0|0
RZ1|CHK|512|1|20|3|5|1|0|3|20|1|1|7
[ElShisha​#9562] Attach 3 Don to Usopp ["OP14-022">OP14-022] (3 Total)
RZ1|513|2|Don|5|9|9|0|1|1|0|0|0
RZ1|CHK|513|2|29|7|4|1|0|9|8|1|1|1
RZ1|514|2|Don|5|8|9|1|1|1|0|0|0
RZ1|CHK|514|2|29|7|4|1|0|8|8|1|1|2
RZ1|515|2|Don|5|7|9|2|1|1|0|0|0
RZ1|CHK|515|2|29|7|4|1|0|7|8|1|1|3
[ElShisha​#9562] Usopp ["OP14-022">OP14-022] attacking Dracule Mihawk ["OP14-020">OP14-020]
RZ1|516|1|OP12-037|3|0|1|3|1|1|0|0|0
RZ1|CHK|516|1|20|4|5|0|0|3|20|1|1|7
Usopp ["OP14-022">OP14-022][8000] vs Dracule Mihawk ["OP14-020">OP14-020][5000]
Dracule Mihawk ["OP14-020">OP14-020] hit for 1 damage
[ElShisha​#9562] Thousand Sunny ["ST31-005">ST31-005]: Rest Thousand Sunny ["ST31-005">ST31-005]
[ElShisha​#9562] Thousand Sunny ["ST31-005">ST31-005]: Attach 1 Rested Don to Monkey D. Luffy ["OP13-001">OP13-001]
RZ1|517|2|Don|5|0|9|9900|1|1|1|0|0
RZ1|CHK|517|2|29|7|4|1|0|6|8|1|1|4
[ElShisha​#9562] Attach 3 Don to Monkey D. Luffy ["OP13-001">OP13-001] (4 Total)
RZ1|518|2|Don|5|5|9|9901|1|1|0|0|0
RZ1|CHK|518|2|29|7|4|1|0|5|8|1|1|5
RZ1|519|2|Don|5|4|9|9902|1|1|0|0|0
RZ1|CHK|519|2|29|7|4|1|0|4|8|1|1|6
RZ1|520|2|Don|5|3|9|9903|1|1|0|0|0
RZ1|CHK|520|2|29|7|4|1|0|3|8|1|1|7
[ElShisha​#9562] Monkey D. Luffy ["OP13-001">OP13-001] attacking Dracule Mihawk ["OP14-020">OP14-020]
RZ1|521|1|OP12-037|1|3|6|20|1|1|0|0|0
RZ1|CHK|521|1|20|3|5|0|0|3|21|1|1|7
[jmi​#8380] Dracule Mihawk ["OP14-119">OP14-119]: Trash Demonic Aura Nine-Sword Style Asura Dead Man's Game ["OP12-037">OP12-037]
[jmi​#8380] Dracule Mihawk ["OP14-119">OP14-119]: Buff Dracule Mihawk ["OP14-020">OP14-020] 2000 for the Combat
RZ1|522|1|ST32-005|1|1|6|21|1|1|0|0|0
RZ1|CHK|522|1|20|2|5|0|0|3|22|1|1|7
RZ1|523|1|OP15-035|1|1|6|22|1|1|0|0|0
RZ1|CHK|523|1|20|1|5|0|0|3|23|1|1|7
[jmi​#8380] Discard Roronoa Zoro ["ST32-005">ST32-005] for Counter 2000
[jmi​#8380] Discard Laboon ["OP15-035">OP15-035] for Counter 2000
Monkey D. Luffy ["OP13-001">OP13-001][9000] vs Dracule Mihawk ["OP14-020">OP14-020][11000]
Attack Fails
[ElShisha​#9562] Concedes!
[ElShisha​#9562] Quits!
Opponent Has Disconnected!
[ElShisha​#9562] <b>Created a save state of the game!</b>
[ElShisha​#9562] <b>Downloaded the Combat Log!</b>
GameOver
