Waiting for a Connection with Room ID:WMTBCFL
jmi​#8380 Has Connected
Version is 1.42c.4
[jmi​#8380] Leader is Sabo ["OP13-004">OP13-004]
Manuelo64​#3285 Has Connected
Version is 1.42c.4
[Manuelo64​#3285] Leader is Portgas D. Ace ["OP16-001">OP16-001]
[jmi​#8380] Will select turn order
[jmi​#8380] Chose to go Second
RZ1|HDR|1.42c|2|RZ1
RZ1|PLY|1|jmi​#8380|OP13-004
RZ1|PLY|2|Manuelo64​#3285|OP16-001
RZ1|1|1|OP17-093|0|42|0|0|0|0|0|0|0
RZ1|CHK|1|1|50|0|0|0|10|0|0|0|1|0
RZ1|2|1|OP17-089|0|33|0|1|0|0|0|0|0
RZ1|CHK|2|1|50|0|0|0|10|0|0|0|1|0
RZ1|3|1|OP17-086|0|12|0|2|0|0|0|0|0
RZ1|CHK|3|1|50|0|0|0|10|0|0|0|1|0
RZ1|4|1|OP17-084|0|10|0|3|0|0|0|0|0
RZ1|CHK|4|1|50|0|0|0|10|0|0|0|1|0
RZ1|5|1|OP17-095|0|29|0|4|0|0|0|0|0
RZ1|CHK|5|1|50|0|0|0|10|0|0|0|1|0
RZ1|6|1|OP17-087|0|26|0|5|0|0|0|0|0
RZ1|CHK|6|1|50|0|0|0|10|0|0|0|1|0
RZ1|7|1|OP01-016|0|7|0|6|0|0|0|0|0
RZ1|CHK|7|1|50|0|0|0|10|0|0|0|1|0
RZ1|8|1|OP17-098|0|49|0|7|0|0|0|0|0
RZ1|CHK|8|1|50|0|0|0|10|0|0|0|1|0
RZ1|9|1|OP17-098|0|49|0|8|0|0|0|0|0
RZ1|CHK|9|1|50|0|0|0|10|0|0|0|1|0
RZ1|10|1|OP17-089|0|33|0|9|0|0|0|0|0
RZ1|CHK|10|1|50|0|0|0|10|0|0|0|1|0
RZ1|11|1|OP17-082|0|25|0|10|0|0|0|0|0
RZ1|CHK|11|1|50|0|0|0|10|0|0|0|1|0
RZ1|12|1|OP17-119|0|41|0|11|0|0|0|0|0
RZ1|CHK|12|1|50|0|0|0|10|0|0|0|1|0
RZ1|13|1|OP04-016|0|46|0|12|0|0|0|0|0
RZ1|CHK|13|1|50|0|0|0|10|0|0|0|1|0
RZ1|14|1|OP17-093|0|45|0|13|0|0|0|0|0
RZ1|CHK|14|1|50|0|0|0|10|0|0|0|1|0
RZ1|15|1|OP17-083|0|30|0|14|0|0|0|0|0
RZ1|CHK|15|1|50|0|0|0|10|0|0|0|1|0
RZ1|16|1|ST01-011|0|17|0|15|0|0|0|0|0
RZ1|CHK|16|1|50|0|0|0|10|0|0|0|1|0
RZ1|17|1|OP17-119|0|42|0|16|0|0|0|0|0
RZ1|CHK|17|1|50|0|0|0|10|0|0|0|1|0
RZ1|18|1|OP17-096|0|48|0|17|0|0|0|0|0
RZ1|CHK|18|1|50|0|0|0|10|0|0|0|1|0
RZ1|19|1|ST01-011|0|20|0|18|0|0|0|0|0
RZ1|CHK|19|1|50|0|0|0|10|0|0|0|1|0
RZ1|20|1|OP17-081|0|30|0|19|0|0|0|0|0
RZ1|CHK|20|1|50|0|0|0|10|0|0|0|1|0
RZ1|21|1|OP17-119|0|44|0|20|0|0|0|0|0
RZ1|CHK|21|1|50|0|0|0|10|0|0|0|1|0
RZ1|22|1|ST01-011|0|23|0|21|0|0|0|0|0
RZ1|CHK|22|1|50|0|0|0|10|0|0|0|1|0
RZ1|23|1|OP17-089|0|41|0|22|0|0|0|0|0
RZ1|CHK|23|1|50|0|0|0|10|0|0|0|1|0
RZ1|24|1|OP04-016|0|48|0|23|0|0|0|0|0
RZ1|CHK|24|1|50|0|0|0|10|0|0|0|1|0
RZ1|25|1|OP15-088|0|45|0|24|0|0|0|0|0
RZ1|CHK|25|1|50|0|0|0|10|0|0|0|1|0
RZ1|26|1|OP15-088|0|44|0|25|0|0|0|0|0
RZ1|CHK|26|1|50|0|0|0|10|0|0|0|1|0
RZ1|27|1|ST01-011|0|27|0|26|0|0|0|0|0
RZ1|CHK|27|1|50|0|0|0|10|0|0|0|1|0
RZ1|28|1|OP17-080|0|31|0|27|0|0|0|0|0
RZ1|CHK|28|1|50|0|0|0|10|0|0|0|1|0
RZ1|29|1|OP17-096|0|49|0|28|0|0|0|0|0
RZ1|CHK|29|1|50|0|0|0|10|0|0|0|1|0
RZ1|30|1|OP17-095|0|42|0|29|0|0|0|0|0
RZ1|CHK|30|1|50|0|0|0|10|0|0|0|1|0
RZ1|31|1|OP17-086|0|33|0|30|0|0|0|0|0
RZ1|CHK|31|1|50|0|0|0|10|0|0|0|1|0
RZ1|32|1|OP17-080|0|35|0|31|0|0|0|0|0
RZ1|CHK|32|1|50|0|0|0|10|0|0|0|1|0
RZ1|33|1|OP17-087|0|42|0|32|0|0|0|0|0
RZ1|CHK|33|1|50|0|0|0|10|0|0|0|1|0
RZ1|34|1|OP17-080|0|37|0|33|0|0|0|0|0
RZ1|CHK|34|1|50|0|0|0|10|0|0|0|1|0
RZ1|35|1|OP17-081|0|38|0|34|0|0|0|0|0
RZ1|CHK|35|1|50|0|0|0|10|0|0|0|1|0
RZ1|36|1|OP17-087|0|42|0|35|0|0|0|0|0
RZ1|CHK|36|1|50|0|0|0|10|0|0|0|1|0
RZ1|37|1|OP17-086|0|38|0|36|0|0|0|0|0
RZ1|CHK|37|1|50|0|0|0|10|0|0|0|1|0
RZ1|38|1|OP17-084|0|38|0|37|0|0|0|0|0
RZ1|CHK|38|1|50|0|0|0|10|0|0|0|1|0
RZ1|39|1|OP17-093|0|49|0|38|0|0|0|0|0
RZ1|CHK|39|1|50|0|0|0|10|0|0|0|1|0
RZ1|40|1|OP17-089|0|46|0|39|0|0|0|0|0
RZ1|CHK|40|1|50|0|0|0|10|0|0|0|1|0
RZ1|41|1|OP17-119|0|48|0|40|0|0|0|0|0
RZ1|CHK|41|1|50|0|0|0|10|0|0|0|1|0
RZ1|42|1|OP17-082|0|43|0|41|0|0|0|0|0
RZ1|CHK|42|1|50|0|0|0|10|0|0|0|1|0
RZ1|43|1|OP17-095|0|46|0|42|0|0|0|0|0
RZ1|CHK|43|1|50|0|0|0|10|0|0|0|1|0
RZ1|44|1|OP15-088|0|48|0|43|0|0|0|0|0
RZ1|CHK|44|1|50|0|0|0|10|0|0|0|1|0
RZ1|45|1|OP17-083|0|47|0|44|0|0|0|0|0
RZ1|CHK|45|1|50|0|0|0|10|0|0|0|1|0
RZ1|46|1|OP17-080|0|46|0|45|0|0|0|0|0
RZ1|CHK|46|1|50|0|0|0|10|0|0|0|1|0
RZ1|47|1|OP17-093|0|49|0|46|0|0|0|0|0
RZ1|CHK|47|1|50|0|0|0|10|0|0|0|1|0
RZ1|48|1|OP17-082|0|48|0|47|0|0|0|0|0
RZ1|CHK|48|1|50|0|0|0|10|0|0|0|1|0
[jmi​#8380] Drew card from deck: Roronoa Zoro ["OP17-095">OP17-095]
RZ1|49|1|OP17-095|0|49|1|0|1|1|0|0|0
RZ1|CHK|49|1|49|1|0|0|10|0|0|0|1|0
[jmi​#8380] Drew card from deck: Nami ["OP01-016">OP01-016]
RZ1|50|1|OP01-016|0|48|1|1|1|1|0|0|0
RZ1|CHK|50|1|48|2|0|0|10|0|0|0|1|0
[jmi​#8380] Drew card from deck: Sanji ["OP17-082">OP17-082]
RZ1|51|1|OP17-082|0|47|1|2|1|1|0|0|0
RZ1|CHK|51|1|47|3|0|0|10|0|0|0|1|0
[jmi​#8380] Drew card from deck: Monkey D. Luffy ["OP17-093">OP17-093]
RZ1|52|1|OP17-093|0|46|1|3|1|1|0|0|0
RZ1|CHK|52|1|46|4|0|0|10|0|0|0|1|0
[jmi​#8380] Drew card from deck: Usopp ["OP17-080">OP17-080]
RZ1|53|1|OP17-080|0|45|1|4|1|1|0|0|0
RZ1|CHK|53|1|45|5|0|0|10|0|0|0|1|0
[jmi​#8380] Hand before Mulligan: [OP17-095,OP01-016,OP17-082,OP17-093,OP17-080]
RZ1|54|2|OP16-021|0|48|0|0|0|0|0|0|0
RZ1|CHK|54|2|50|0|0|0|10|0|0|0|1|0
RZ1|55|2|OP16-010|0|5|0|1|0|0|0|0|0
RZ1|CHK|55|2|50|0|0|0|10|0|0|0|1|0
RZ1|56|2|OP16-003|0|36|0|2|0|0|0|0|0
RZ1|CHK|56|2|50|0|0|0|10|0|0|0|1|0
RZ1|57|2|OP13-016|0|6|0|3|0|0|0|0|0
RZ1|CHK|57|2|50|0|0|0|10|0|0|0|1|0
RZ1|58|2|OP16-118|0|18|0|4|0|0|0|0|0
RZ1|CHK|58|2|50|0|0|0|10|0|0|0|1|0
RZ1|59|2|OP16-118|0|19|0|5|0|0|0|0|0
RZ1|CHK|59|2|50|0|0|0|10|0|0|0|1|0
RZ1|60|2|ST23-001|0|27|0|6|0|0|0|0|0
RZ1|CHK|60|2|50|0|0|0|10|0|0|0|1|0
RZ1|61|2|OP16-015|0|16|0|7|0|0|0|0|0
RZ1|CHK|61|2|50|0|0|0|10|0|0|0|1|0
RZ1|62|2|OP10-005|0|14|0|8|0|0|0|0|0
RZ1|CHK|62|2|50|0|0|0|10|0|0|0|1|0
RZ1|63|2|OP16-021|0|48|0|9|0|0|0|0|0
RZ1|CHK|63|2|50|0|0|0|10|0|0|0|1|0
RZ1|64|2|OP16-014|0|26|0|10|0|0|0|0|0
RZ1|CHK|64|2|50|0|0|0|10|0|0|0|1|0
RZ1|65|2|OP16-004|0|32|0|11|0|0|0|0|0
RZ1|CHK|65|2|50|0|0|0|10|0|0|0|1|0
RZ1|66|2|OP10-005|0|16|0|12|0|0|0|0|0
RZ1|CHK|66|2|50|0|0|0|10|0|0|0|1|0
RZ1|67|2|OP16-017|0|23|0|13|0|0|0|0|0
RZ1|CHK|67|2|50|0|0|0|10|0|0|0|1|0
RZ1|68|2|OP16-015|0|20|0|14|0|0|0|0|0
RZ1|CHK|68|2|50|0|0|0|10|0|0|0|1|0
RZ1|69|2|OP16-004|0|32|0|15|0|0|0|0|0
RZ1|CHK|69|2|50|0|0|0|10|0|0|0|1|0
RZ1|70|2|OP16-015|0|22|0|16|0|0|0|0|0
RZ1|CHK|70|2|50|0|0|0|10|0|0|0|1|0
RZ1|71|2|OP12-018|0|47|0|17|0|0|0|0|0
RZ1|CHK|71|2|50|0|0|0|10|0|0|0|1|0
RZ1|72|2|OP17-006|0|38|0|18|0|0|0|0|0
RZ1|CHK|72|2|50|0|0|0|10|0|0|0|1|0
RZ1|73|2|OP17-005|0|43|0|19|0|0|0|0|0
RZ1|CHK|73|2|50|0|0|0|10|0|0|0|1|0
RZ1|74|2|OP16-003|0|41|0|20|0|0|0|0|0
RZ1|CHK|74|2|50|0|0|0|10|0|0|0|1|0
RZ1|75|2|OP16-014|0|33|0|21|0|0|0|0|0
RZ1|CHK|75|2|50|0|0|0|10|0|0|0|1|0
RZ1|76|2|OP13-016|0|24|0|22|0|0|0|0|0
RZ1|CHK|76|2|50|0|0|0|10|0|0|0|1|0
RZ1|77|2|OP10-005|0|26|0|23|0|0|0|0|0
RZ1|CHK|77|2|50|0|0|0|10|0|0|0|1|0
RZ1|78|2|OP16-010|0|26|0|24|0|0|0|0|0
RZ1|CHK|78|2|50|0|0|0|10|0|0|0|1|0
RZ1|79|2|OP16-014|0|34|0|25|0|0|0|0|0
RZ1|CHK|79|2|50|0|0|0|10|0|0|0|1|0
RZ1|80|2|OP16-014|0|34|0|26|0|0|0|0|0
RZ1|CHK|80|2|50|0|0|0|10|0|0|0|1|0
RZ1|81|2|OP16-021|0|49|0|27|0|0|0|0|0
RZ1|CHK|81|2|50|0|0|0|10|0|0|0|1|0
RZ1|82|2|OP16-004|0|37|0|28|0|0|0|0|0
RZ1|CHK|82|2|50|0|0|0|10|0|0|0|1|0
RZ1|83|2|OP17-006|0|40|0|29|0|0|0|0|0
RZ1|CHK|83|2|50|0|0|0|10|0|0|0|1|0
RZ1|84|2|OP16-011|0|35|0|30|0|0|0|0|0
RZ1|CHK|84|2|50|0|0|0|10|0|0|0|1|0
RZ1|85|2|OP17-006|0|40|0|31|0|0|0|0|0
RZ1|CHK|85|2|50|0|0|0|10|0|0|0|1|0
RZ1|86|2|OP16-017|0|36|0|32|0|0|0|0|0
RZ1|CHK|86|2|50|0|0|0|10|0|0|0|1|0
RZ1|87|2|OP16-003|0|42|0|33|0|0|0|0|0
RZ1|CHK|87|2|50|0|0|0|10|0|0|0|1|0
RZ1|88|2|OP16-011|0|38|0|34|0|0|0|0|0
RZ1|CHK|88|2|50|0|0|0|10|0|0|0|1|0
RZ1|89|2|OP17-005|0|46|0|35|0|0|0|0|0
RZ1|CHK|89|2|50|0|0|0|10|0|0|0|1|0
RZ1|90|2|OP04-016|0|47|0|36|0|0|0|0|0
RZ1|CHK|90|2|50|0|0|0|10|0|0|0|1|0
RZ1|91|2|OP17-006|0|44|0|37|0|0|0|0|0
RZ1|CHK|91|2|50|0|0|0|10|0|0|0|1|0
RZ1|92|2|OP04-016|0|48|0|38|0|0|0|0|0
RZ1|CHK|92|2|50|0|0|0|10|0|0|0|1|0
RZ1|93|2|OP13-016|0|40|0|39|0|0|0|0|0
RZ1|CHK|93|2|50|0|0|0|10|0|0|0|1|0
RZ1|94|2|OP16-017|0|42|0|40|0|0|0|0|0
RZ1|CHK|94|2|50|0|0|0|10|0|0|0|1|0
RZ1|95|2|ST23-001|0|44|0|41|0|0|0|0|0
RZ1|CHK|95|2|50|0|0|0|10|0|0|0|1|0
RZ1|96|2|OP16-011|0|44|0|42|0|0|0|0|0
RZ1|CHK|96|2|50|0|0|0|10|0|0|0|1|0
RZ1|97|2|OP17-005|0|48|0|43|0|0|0|0|0
RZ1|CHK|97|2|50|0|0|0|10|0|0|0|1|0
RZ1|98|2|OP16-003|0|47|0|44|0|0|0|0|0
RZ1|CHK|98|2|50|0|0|0|10|0|0|0|1|0
RZ1|99|2|OP16-021|0|49|0|45|0|0|0|0|0
RZ1|CHK|99|2|50|0|0|0|10|0|0|0|1|0
RZ1|100|2|OP09-118|0|49|0|46|0|0|0|0|0
RZ1|CHK|100|2|50|0|0|0|10|0|0|0|1|0
[Manuelo64​#3285] Drew card from deck: Curiel ["OP16-004">OP16-004]
RZ1|101|2|OP16-004|0|49|1|0|0|1|0|0|0
RZ1|CHK|101|2|49|1|0|0|10|0|0|0|1|0
[Manuelo64​#3285] Drew card from deck: Monkey D. Luffy ["OP16-015">OP16-015]
RZ1|102|2|OP16-015|0|48|1|1|0|1|0|0|0
RZ1|CHK|102|2|48|2|0|0|10|0|0|0|1|0
[Manuelo64​#3285] Drew card from deck: Monkey D. Garp ["OP13-016">OP13-016]
RZ1|103|2|OP13-016|0|47|1|2|0|1|0|0|0
RZ1|CHK|103|2|47|3|0|0|10|0|0|0|1|0
[Manuelo64​#3285] Drew card from deck: Gol D. Roger ["OP09-118">OP09-118]
RZ1|104|2|OP09-118|0|46|1|3|0|1|0|0|0
RZ1|CHK|104|2|46|4|0|0|10|0|0|0|1|0
[Manuelo64​#3285] Drew card from deck: Moby Dick ["OP16-021">OP16-021]
RZ1|105|2|OP16-021|0|45|1|4|0|1|0|0|0
RZ1|CHK|105|2|45|5|0|0|10|0|0|0|1|0
RZ1|106|2|OP16-003|0|44|3|0|0|1|0|0|0
RZ1|CHK|106|2|44|5|0|1|10|0|0|0|1|0
RZ1|107|2|OP17-005|0|43|3|1|0|1|0|0|0
RZ1|CHK|107|2|43|5|0|2|10|0|0|0|1|0
RZ1|108|2|OP16-011|0|42|3|2|0|1|0|0|0
RZ1|CHK|108|2|42|5|0|3|10|0|0|0|1|0
RZ1|109|2|ST23-001|0|41|3|3|0|1|0|0|0
RZ1|CHK|109|2|41|5|0|4|10|0|0|0|1|0
RZ1|110|2|OP16-017|0|40|3|4|0|1|0|0|0
RZ1|CHK|110|2|40|5|0|5|10|0|0|0|1|0
RZ1|111|1|OP17-083|0|44|3|0|1|0|0|0|0
RZ1|CHK|111|1|44|5|0|1|10|0|0|0|1|0
RZ1|112|1|OP15-088|0|43|3|1|1|0|0|0|0
RZ1|CHK|112|1|43|5|0|2|10|0|0|0|1|0
RZ1|113|1|OP17-095|0|42|3|2|1|0|0|0|0
RZ1|CHK|113|1|42|5|0|3|10|0|0|0|1|0
RZ1|114|1|OP17-082|0|41|3|3|1|0|0|0|0
RZ1|CHK|114|1|41|5|0|4|10|0|0|0|1|0
RZ1|115|1|OP17-119|0|40|3|4|1|0|0|0|0
RZ1|CHK|115|1|40|5|0|5|10|0|0|0|1|0
RZ1|116|2|Don|4|9|5|0|1|1|0|0|0
RZ1|CHK|116|2|40|5|0|5|9|1|0|0|1|0
[Manuelo64​#3285] Draw 1 Don
RZ1|117|2|Don|5|0|5|0|1|1|1|0|0
RZ1|CHK|117|2|40|5|0|5|9|1|0|0|1|0
[Manuelo64​#3285] Deploy Monkey D. Garp ["OP13-016">OP13-016]
RZ1|118|2|OP13-016|1|2|2|0|1|1|0|0|0
RZ1|CHK|118|2|40|4|1|5|9|1|0|0|1|0
RZ1|119|2|OP17-006|0|37|1|4|0|1|0|0|0
RZ1|CHK|119|2|39|5|1|5|9|1|0|0|1|0
[Manuelo64​#3285] Monkey D. Garp ["OP13-016">OP13-016]: <b>Reveal and Draw Kingdew ["OP17-006">OP17-006]</b>
[Manuelo64​#3285] Placing Cards on Bottom of Deck
RZ1|120|2|OP04-016|0|37|0|0|0|0|0|0|0
RZ1|CHK|120|2|39|5|1|5|9|1|0|0|1|0
RZ1|121|2|OP04-016|0|37|0|0|0|0|0|0|0
RZ1|CHK|121|2|39|5|1|5|9|1|0|0|1|0
RZ1|122|2|OP13-016|0|38|0|0|0|0|0|0|0
RZ1|CHK|122|2|39|5|1|5|9|1|0|0|1|0
[Manuelo64​#3285] End Turn
[jmi​#8380] Hand: [OP17-095,OP01-016,OP17-082,OP17-093,OP17-080]
[jmi​#8380] Board: []
[jmi​#8380] Trash: []
[jmi​#8380] Life: 5
[Manuelo64​#3285] Hand: [OP16-004,OP16-015,OP09-118,OP16-021,OP17-006]
[Manuelo64​#3285] Trash: []
[Manuelo64​#3285] Board: [OP13-016]
[Manuelo64​#3285] Life: 5
[jmi​#8380] Draw 1 Card
[jmi​#8380] Drew card from deck: Jaguar D. Saul ["OP17-089">OP17-089]
RZ1|123|1|OP17-089|0|39|1|5|1|1|0|0|0
RZ1|CHK|123|1|39|6|0|5|10|0|0|0|1|0
RZ1|124|1|Don|4|9|5|0|1|1|0|0|0
RZ1|CHK|124|1|39|6|0|5|9|1|0|0|1|0
RZ1|125|1|Don|4|8|5|1|1|1|0|0|0
RZ1|CHK|125|1|39|6|0|5|8|2|0|0|1|0
[jmi​#8380] Draw 2 Don
RZ1|126|1|Don|5|0|5|0|1|1|1|0|0
RZ1|CHK|126|1|39|6|0|5|8|2|0|0|1|0
RZ1|127|1|Don|5|1|5|1|1|1|1|0|0
RZ1|CHK|127|1|39|6|0|5|8|2|0|0|1|0
[jmi​#8380] Deploy Usopp ["OP17-080">OP17-080]
RZ1|128|1|OP17-080|1|4|2|0|1|1|0|0|0
RZ1|CHK|128|1|39|5|1|5|8|2|0|0|1|0
RZ1|129|1|OP17-086|0|36|1|5|1|1|0|0|0
RZ1|CHK|129|1|38|6|1|5|8|2|0|0|1|0
[jmi​#8380] Usopp ["OP17-080">OP17-080]: <b>Reveal and Draw Nami ["OP17-086">OP17-086]</b>
[jmi​#8380] Usopp ["OP17-080">OP17-080]: Trash 2 Remaining Cards
RZ1|130|1|OP17-093|0|37|6|0|1|1|0|0|0
RZ1|CHK|130|1|37|6|1|5|8|2|1|0|1|0
RZ1|131|1|OP17-084|0|36|6|1|1|1|0|0|0
RZ1|CHK|131|1|36|6|1|5|8|2|2|0|1|0
[jmi​#8380] Hand: [OP17-095,OP01-016,OP17-082,OP17-093,OP17-089,OP17-086]
[jmi​#8380] Board: [OP17-080]
[jmi​#8380] Trash: [OP17-093,OP17-084]
[jmi​#8380] Life: 5
[Manuelo64​#3285] Hand: [OP16-004,OP16-015,OP09-118,OP16-021,OP17-006]
[Manuelo64​#3285] Trash: []
[Manuelo64​#3285] Board: [OP13-016]
[Manuelo64​#3285] Life: 5
[jmi​#8380] End Turn
[Manuelo64​#3285] Draw 1 Card
[Manuelo64​#3285] Drew card from deck: Edward Newgate ["OP17-005">OP17-005]
RZ1|132|2|OP17-005|0|38|1|5|0|1|0|0|0
RZ1|CHK|132|2|38|6|1|5|9|1|0|0|1|0
RZ1|133|2|Don|4|8|5|1|1|1|0|0|0
RZ1|CHK|133|2|38|6|1|5|8|2|0|0|1|0
RZ1|134|2|Don|4|7|5|2|1|1|0|0|0
RZ1|CHK|134|2|38|6|1|5|7|3|0|0|1|0
[Manuelo64​#3285] Draw 2 Don
RZ1|135|2|Don|5|0|5|0|1|1|1|0|0
RZ1|CHK|135|2|38|6|1|5|7|3|0|0|1|0
[Manuelo64​#3285] Deploy Moby Dick ["OP16-021">OP16-021]
RZ1|136|2|OP16-021|1|3|7|0|1|1|0|0|0
RZ1|CHK|136|2|38|5|1|5|7|3|0|1|1|0
RZ1|137|2|OP16-003|0|36|1|5|0|1|0|0|0
RZ1|CHK|137|2|37|6|1|5|7|3|0|1|1|0
[Manuelo64​#3285] Moby Dick ["OP16-021">OP16-021]: Added 1 Cards to Hand
[Manuelo64​#3285] Placing Cards on Bottom of Deck
RZ1|138|2|OP16-011|0|36|0|0|0|0|0|0|0
RZ1|CHK|138|2|37|6|1|5|7|3|0|1|1|0
RZ1|139|2|OP16-017|0|36|0|0|0|0|0|0|0
RZ1|CHK|139|2|37|6|1|5|7|3|0|1|1|0
[Manuelo64​#3285] Portgas D. Ace ["OP16-001">OP16-001] attacking Sabo ["OP13-004">OP13-004]
[jmi​#8380] <b><size=24>oh so we're highrolling already</size></b>
Portgas D. Ace ["OP16-001">OP16-001][5000] vs Sabo ["OP13-004">OP13-004][4000]
Sabo ["OP13-004">OP13-004] hit for 1 damage
RZ1|140|1|OP17-119|3|4|1|6|1|1|0|0|0
RZ1|CHK|140|1|36|7|1|4|8|2|2|0|1|0
[Manuelo64​#3285] Moby Dick ["OP16-021">OP16-021]: Trash Moby Dick ["OP16-021">OP16-021]
RZ1|141|2|OP16-021|7|0|6|0|1|1|0|0|0
RZ1|CHK|141|2|37|6|1|5|7|3|1|0|1|0
[Manuelo64​#3285] Moby Dick ["OP16-021">OP16-021]: Attach 1 Rested Don to Monkey D. Garp ["OP13-016">OP13-016]
RZ1|142|2|Don|5|0|9|0|1|1|1|0|0
RZ1|CHK|142|2|37|6|1|5|7|2|1|0|1|1
[Manuelo64​#3285] Attach 2 Don to Monkey D. Garp ["OP13-016">OP13-016] (3 Total)
RZ1|143|2|Don|5|0|9|1|1|1|0|0|0
RZ1|CHK|143|2|37|6|1|5|7|1|1|0|1|2
RZ1|144|2|Don|5|0|9|2|1|1|0|0|0
RZ1|CHK|144|2|37|6|1|5|7|0|1|0|1|3
[Manuelo64​#3285] Monkey D. Garp ["OP13-016">OP13-016] attacking Sabo ["OP13-004">OP13-004]
Monkey D. Garp ["OP13-016">OP13-016][5000] vs Sabo ["OP13-004">OP13-004][4000]
Sabo ["OP13-004">OP13-004] hit for 1 damage
RZ1|145|1|OP17-082|3|3|1|7|1|1|0|0|0
RZ1|CHK|145|1|36|8|1|3|8|2|2|0|1|0
[Manuelo64​#3285] End Turn
[jmi​#8380] Hand: [OP17-095,OP01-016,OP17-082,OP17-093,OP17-089,OP17-086,OP17-119,OP17-082]
[jmi​#8380] Board: [OP17-080]
[jmi​#8380] Trash: [OP17-093,OP17-084]
[jmi​#8380] Life: 3
[Manuelo64​#3285] Hand: [OP16-004,OP16-015,OP09-118,OP17-006,OP17-005,OP16-003]
[Manuelo64​#3285] Trash: [OP16-021]
[Manuelo64​#3285] Board: [OP13-016]
[Manuelo64​#3285] Life: 5
[jmi​#8380] Draw 1 Card
[jmi​#8380] Drew card from deck: Nico Robin ["OP17-087">OP17-087]
RZ1|146|1|OP17-087|0|35|1|8|1|1|0|0|0
RZ1|CHK|146|1|35|9|1|3|8|2|2|0|1|0
RZ1|147|1|Don|4|7|5|2|1|1|0|0|0
RZ1|CHK|147|1|35|9|1|3|7|3|2|0|1|0
RZ1|148|1|Don|4|6|5|3|1|1|0|0|0
RZ1|CHK|148|1|35|9|1|3|6|4|2|0|1|0
[jmi​#8380] Draw 2 Don
[jmi​#8380] Sabo ["OP13-004">OP13-004] attacking Portgas D. Ace ["OP16-001">OP16-001]
RZ1|149|2|OP16-017|3|4|1|6|0|1|0|0|0
RZ1|CHK|149|2|37|7|1|4|7|0|1|0|1|3
Sabo ["OP13-004">OP13-004][5000] vs Portgas D. Ace ["OP16-001">OP16-001][5000]
Portgas D. Ace ["OP16-001">OP16-001] hit for 1 damage
RZ1|150|1|Don|5|0|5|0|1|1|1|0|0
RZ1|CHK|150|1|35|9|1|3|6|4|2|0|1|0
RZ1|151|1|Don|5|1|5|1|1|1|1|0|0
RZ1|CHK|151|1|35|9|1|3|6|4|2|0|1|0
RZ1|152|1|Don|5|2|5|2|1|1|1|0|0
RZ1|CHK|152|1|35|9|1|3|6|4|2|0|1|0
RZ1|153|1|Don|5|3|5|3|1|1|1|0|0
RZ1|CHK|153|1|35|9|1|3|6|4|2|0|1|0
[jmi​#8380] Deploy Jaguar D. Saul ["OP17-089">OP17-089]
RZ1|154|1|OP17-089|1|4|2|1|1|1|0|0|12
RZ1|CHK|154|1|35|8|2|3|6|4|2|0|1|0
RZ1|155|1|OP17-081|0|34|1|8|1|1|0|0|0
RZ1|CHK|155|1|34|9|2|3|6|4|2|0|1|0
[jmi​#8380] Jaguar D. Saul ["OP17-089">OP17-089]: <b>Reveal and Draw Gerd ["OP17-081">OP17-081]</b>
[jmi​#8380] Jaguar D. Saul ["OP17-089">OP17-089]: Trash 2 Remaining Cards
RZ1|156|1|OP17-080|0|33|6|2|1|1|0|0|0
RZ1|CHK|156|1|33|9|2|3|6|4|3|0|1|0
RZ1|157|1|OP17-087|0|32|6|3|1|1|0|0|0
RZ1|CHK|157|1|32|9|2|3|6|4|4|0|1|0
[jmi​#8380] Hand: [OP17-095,OP01-016,OP17-082,OP17-093,OP17-086,OP17-119,OP17-082,OP17-087,OP17-081]
[jmi​#8380] Board: [OP17-080,OP17-089]
[jmi​#8380] Trash: [OP17-093,OP17-084,OP17-080,OP17-087]
[jmi​#8380] Life: 3
[Manuelo64​#3285] Hand: [OP16-004,OP16-015,OP09-118,OP17-006,OP17-005,OP16-003,OP16-017]
[Manuelo64​#3285] Trash: [OP16-021]
[Manuelo64​#3285] Board: [OP13-016]
[Manuelo64​#3285] Life: 4
[jmi​#8380] End Turn
RZ1|158|2|Don|9|0|5|0|1|1|1|0|0
RZ1|CHK|158|2|37|7|1|4|7|1|1|0|1|2
RZ1|159|2|Don|9|0|5|0|1|1|1|0|0
RZ1|CHK|159|2|37|7|1|4|7|2|1|0|1|1
RZ1|160|2|Don|9|0|5|0|1|1|1|0|0
RZ1|CHK|160|2|37|7|1|4|7|3|1|0|1|0
[Manuelo64​#3285] Draw 1 Card
[Manuelo64​#3285] Drew card from deck: Kingdew ["OP17-006">OP17-006]
RZ1|161|2|OP17-006|0|36|1|7|0|1|0|0|0
RZ1|CHK|161|2|36|8|1|4|7|3|1|0|1|0
RZ1|162|2|Don|4|6|5|3|1|1|0|0|0
RZ1|CHK|162|2|36|8|1|4|6|4|1|0|1|0
RZ1|163|2|Don|4|5|5|4|1|1|0|0|0
RZ1|CHK|163|2|36|8|1|4|5|5|1|0|1|0
[Manuelo64​#3285] Draw 2 Don
[Manuelo64​#3285] Attach 1 Don to Portgas D. Ace ["OP16-001">OP16-001] (1 Total)
RZ1|164|2|Don|5|4|9|9900|1|1|0|0|0
RZ1|CHK|164|2|36|8|1|4|5|4|1|0|1|1
[Manuelo64​#3285] Portgas D. Ace ["OP16-001">OP16-001] attacking Sabo ["OP13-004">OP13-004]
[jmi​#8380] Discard Gerd ["OP17-081">OP17-081] for Counter 2000
RZ1|165|1|OP17-081|1|8|6|4|1|1|0|0|0
RZ1|CHK|165|1|32|8|2|3|6|4|5|0|1|0
Portgas D. Ace ["OP16-001">OP16-001][6000] vs Sabo ["OP13-004">OP13-004][7000]
Attack Fails
RZ1|166|2|Don|5|0|5|0|1|1|1|0|0
RZ1|CHK|166|2|36|8|1|4|5|4|1|0|1|1
RZ1|167|2|Don|5|1|5|1|1|1|1|0|0
RZ1|CHK|167|2|36|8|1|4|5|4|1|0|1|1
RZ1|168|2|Don|5|2|5|2|1|1|1|0|0
RZ1|CHK|168|2|36|8|1|4|5|4|1|0|1|1
RZ1|169|2|Don|5|3|5|3|1|1|1|0|0
RZ1|CHK|169|2|36|8|1|4|5|4|1|0|1|1
[Manuelo64​#3285] Deploy Monkey D. Luffy ["OP16-015">OP16-015]
RZ1|170|2|OP16-015|1|1|2|1|1|1|0|0|0
RZ1|CHK|170|2|36|7|2|4|5|4|1|0|1|1
[Manuelo64​#3285] End Turn
[jmi​#8380] Hand: [OP17-095,OP01-016,OP17-082,OP17-093,OP17-086,OP17-119,OP17-082,OP17-087]
[jmi​#8380] Board: [OP17-080,OP17-089]
[jmi​#8380] Trash: [OP17-093,OP17-084,OP17-080,OP17-087,OP17-081]
[jmi​#8380] Life: 3
[Manuelo64​#3285] Hand: [OP16-004,OP09-118,OP17-006,OP17-005,OP16-003,OP16-017,OP17-006]
[Manuelo64​#3285] Trash: [OP16-021]
[Manuelo64​#3285] Board: [OP13-016,OP16-015]
[Manuelo64​#3285] Life: 4
[jmi​#8380] Draw 1 Card
[jmi​#8380] Drew card from deck: Usopp ["OP17-080">OP17-080]
RZ1|171|1|OP17-080|0|31|1|8|1|1|0|0|0
RZ1|CHK|171|1|31|9|2|3|6|4|5|0|1|0
RZ1|172|1|Don|4|5|5|4|1|1|0|0|0
RZ1|CHK|172|1|31|9|2|3|5|5|5|0|1|0
RZ1|173|1|Don|4|4|5|5|1|1|0|0|0
RZ1|CHK|173|1|31|9|2|3|4|6|5|0|1|0
[jmi​#8380] Draw 2 Don
RZ1|174|1|Don|5|0|5|0|1|1|1|0|0
RZ1|CHK|174|1|31|9|2|3|4|6|5|0|1|0
RZ1|175|1|Don|5|1|5|1|1|1|1|0|0
RZ1|CHK|175|1|31|9|2|3|4|6|5|0|1|0
RZ1|176|1|Don|5|2|5|2|1|1|1|0|0
RZ1|CHK|176|1|31|9|2|3|4|6|5|0|1|0
RZ1|177|1|Don|5|3|5|3|1|1|1|0|0
RZ1|CHK|177|1|31|9|2|3|4|6|5|0|1|0
RZ1|178|1|Don|5|4|5|4|1|1|1|0|0
RZ1|CHK|178|1|31|9|2|3|4|6|5|0|1|0
RZ1|179|1|Don|5|5|5|5|1|1|1|0|0
RZ1|CHK|179|1|31|9|2|3|4|6|5|0|1|0
[jmi​#8380] Deploy Loki ["OP17-119">OP17-119]
RZ1|180|1|OP17-119|1|5|2|2|1|1|0|0|12
RZ1|CHK|180|1|31|8|3|3|4|6|5|0|1|0
[jmi​#8380] Loki ["OP17-119">OP17-119]: Destroy Monkey D. Luffy ["OP16-015">OP16-015]
RZ1|181|2|OP16-015|2|1|6|1|1|1|0|0|0
RZ1|CHK|181|2|36|7|1|4|5|4|2|0|1|1
[jmi​#8380] Sabo ["OP13-004">OP13-004] attacking Portgas D. Ace ["OP16-001">OP16-001]
[Manuelo64​#3285] Discard LittleOars Jr. ["OP16-017">OP16-017] for Counter 1000
RZ1|182|2|OP16-017|1|5|6|2|1|1|0|0|0
RZ1|CHK|182|2|36|6|1|4|5|4|3|0|1|1
Sabo ["OP13-004">OP13-004][5000] vs Portgas D. Ace ["OP16-001">OP16-001][6000]
Attack Fails
[jmi​#8380] Usopp ["OP17-080">OP17-080] attacking Portgas D. Ace ["OP16-001">OP16-001]
RZ1|183|2|ST23-001|3|3|1|6|0|1|0|0|0
RZ1|CHK|183|2|36|7|1|3|5|4|3|0|1|1
Usopp ["OP17-080">OP17-080][5000] vs Portgas D. Ace ["OP16-001">OP16-001][5000]
Portgas D. Ace ["OP16-001">OP16-001] hit for 1 damage
[jmi​#8380] Hand: [OP17-095,OP01-016,OP17-082,OP17-093,OP17-086,OP17-082,OP17-087,OP17-080]
[jmi​#8380] Board: [OP17-080,OP17-089,OP17-119]
[jmi​#8380] Trash: [OP17-093,OP17-084,OP17-080,OP17-087,OP17-081]
[jmi​#8380] Life: 3
[Manuelo64​#3285] Hand: [OP16-004,OP09-118,OP17-006,OP17-005,OP16-003,OP17-006,ST23-001]
[Manuelo64​#3285] Trash: [OP16-021,OP16-015,OP16-017]
[Manuelo64​#3285] Board: [OP13-016]
[Manuelo64​#3285] Life: 3
[jmi​#8380] End Turn
RZ1|184|2|Don|9|9900|5|0|1|1|1|0|0
RZ1|CHK|184|2|36|7|1|3|5|5|3|0|1|0
[Manuelo64​#3285] Draw 1 Card
[Manuelo64​#3285] Drew card from deck: Vista ["OP16-011">OP16-011]
RZ1|185|2|OP16-011|0|35|1|7|0|1|0|0|0
RZ1|CHK|185|2|35|8|1|3|5|5|3|0|1|0
RZ1|186|2|Don|4|4|5|5|1|1|0|0|0
RZ1|CHK|186|2|35|8|1|3|4|6|3|0|1|0
RZ1|187|2|Don|4|3|5|6|1|1|0|0|0
RZ1|CHK|187|2|35|8|1|3|3|7|3|0|1|0
[Manuelo64​#3285] Draw 2 Don
RZ1|188|2|Don|5|0|5|0|1|1|1|0|0
RZ1|CHK|188|2|35|8|1|3|3|7|3|0|1|0
RZ1|189|2|Don|5|1|5|1|1|1|1|0|0
RZ1|CHK|189|2|35|8|1|3|3|7|3|0|1|0
RZ1|190|2|Don|5|2|5|2|1|1|1|0|0
RZ1|CHK|190|2|35|8|1|3|3|7|3|0|1|0
RZ1|191|2|Don|5|3|5|3|1|1|1|0|0
RZ1|CHK|191|2|35|8|1|3|3|7|3|0|1|0
RZ1|192|2|Don|5|4|5|4|1|1|1|0|0
RZ1|CHK|192|2|35|8|1|3|3|7|3|0|1|0
RZ1|193|2|Don|5|5|5|5|1|1|1|0|0
RZ1|CHK|193|2|35|8|1|3|3|7|3|0|1|0
[Manuelo64​#3285] Deploy Edward Newgate ["OP17-005">OP17-005]
RZ1|194|2|OP17-005|1|3|2|1|1|1|0|0|0
RZ1|CHK|194|2|35|7|2|3|3|7|3|0|1|0
[Manuelo64​#3285] Edward Newgate ["OP17-005">OP17-005]: Grant Portgas D. Ace ["OP16-001">OP16-001] 3000 until opponent's next turn end
[Manuelo64​#3285] Attach 1 Don to Portgas D. Ace ["OP16-001">OP16-001] (1 Total)
RZ1|195|2|Don|5|6|9|9900|1|1|0|0|0
RZ1|CHK|195|2|35|7|2|3|3|6|3|0|1|1
[Manuelo64​#3285] Portgas D. Ace ["OP16-001">OP16-001] attacking Sabo ["OP13-004">OP13-004]
Portgas D. Ace ["OP16-001">OP16-001][9000] vs Sabo ["OP13-004">OP13-004][5000]
Sabo ["OP13-004">OP13-004] hit for 1 damage
RZ1|196|1|OP17-095|3|2|1|8|1|1|0|0|0
RZ1|CHK|196|1|31|9|3|2|4|6|5|0|1|0
[Manuelo64​#3285] Portgas D. Ace ["OP16-001">OP16-001]: Give Edward Newgate ["OP17-005">OP17-005] Rush
[Manuelo64​#3285] Edward Newgate ["OP17-005">OP17-005] attacking Sabo ["OP13-004">OP13-004]
Edward Newgate ["OP17-005">OP17-005][12000] vs Sabo ["OP13-004">OP13-004][5000]
Sabo ["OP13-004">OP13-004] hit for 1 damage
RZ1|197|1|OP15-088|3|1|1|9|1|1|0|0|0
RZ1|CHK|197|1|31|10|3|1|4|6|5|0|1|0
[Manuelo64​#3285] End Turn
[jmi​#8380] Hand: [OP17-095,OP01-016,OP17-082,OP17-093,OP17-086,OP17-082,OP17-087,OP17-080,OP17-095,OP15-088]
[jmi​#8380] Board: [OP17-080,OP17-089,OP17-119]
[jmi​#8380] Trash: [OP17-093,OP17-084,OP17-080,OP17-087,OP17-081]
[jmi​#8380] Life: 1
[Manuelo64​#3285] Hand: [OP16-004,OP09-118,OP17-006,OP16-003,OP17-006,ST23-001,OP16-011]
[Manuelo64​#3285] Trash: [OP16-021,OP16-015,OP16-017]
[Manuelo64​#3285] Board: [OP13-016,OP17-005]
[Manuelo64​#3285] Life: 3
[jmi​#8380] Draw 1 Card
[jmi​#8380] Drew card from deck: Nami ["OP17-086">OP17-086]
RZ1|198|1|OP17-086|0|30|1|10|1|1|0|0|0
RZ1|CHK|198|1|30|11|3|1|4|6|5|0|1|0
RZ1|199|1|Don|4|3|5|6|1|1|0|0|0
RZ1|CHK|199|1|30|11|3|1|3|7|5|0|1|0
RZ1|200|1|Don|4|2|5|7|1|1|0|0|0
RZ1|CHK|200|1|30|11|3|1|2|8|5|0|1|0
[jmi​#8380] Draw 2 Don
RZ1|201|1|Don|5|0|5|0|1|1|1|0|0
RZ1|CHK|201|1|30|11|3|1|2|8|5|0|1|0
RZ1|202|1|Don|5|1|5|1|1|1|1|0|0
RZ1|CHK|202|1|30|11|3|1|2|8|5|0|1|0
RZ1|203|1|Don|5|2|5|2|1|1|1|0|0
RZ1|CHK|203|1|30|11|3|1|2|8|5|0|1|0
RZ1|204|1|Don|5|3|5|3|1|1|1|0|0
RZ1|CHK|204|1|30|11|3|1|2|8|5|0|1|0
RZ1|205|1|Don|5|4|5|4|1|1|1|0|0
RZ1|CHK|205|1|30|11|3|1|2|8|5|0|1|0
[jmi​#8380] Deploy Pirate Docking 6 ["OP15-088">OP15-088]
RZ1|206|1|OP15-088|1|9|2|3|1|1|0|0|6
RZ1|CHK|206|1|30|10|4|1|2|8|5|0|1|0
[jmi​#8380] Pirate Docking 6 ["OP15-088">OP15-088]: Trash 3 Cards from Deck
RZ1|207|1|OP17-095|0|29|6|5|1|1|0|0|0
RZ1|CHK|207|1|29|10|4|1|2|8|6|0|1|0
RZ1|208|1|OP17-096|0|28|6|6|1|1|0|0|0
RZ1|CHK|208|1|28|10|4|1|2|8|7|0|1|0
RZ1|209|1|OP17-080|0|27|6|7|1|1|0|0|0
RZ1|CHK|209|1|27|10|4|1|2|8|8|0|1|0
[jmi​#8380] Pirate Docking 6 ["OP15-088">OP15-088]: Deployed Usopp ["OP17-080">OP17-080] from Trash
RZ1|210|1|OP17-080|6|7|2|4|1|1|0|3000|0
RZ1|CHK|210|1|27|10|5|1|2|8|7|0|1|0
[jmi​#8380] <b>Picked no cards to Draw</b>
[jmi​#8380] Usopp ["OP17-080">OP17-080]: Trash 3 Remaining Cards
RZ1|211|1|ST01-011|0|26|6|7|1|1|0|0|0
RZ1|CHK|211|1|26|10|5|1|2|8|8|0|1|0
RZ1|212|1|OP15-088|0|25|6|8|1|1|0|0|0
RZ1|CHK|212|1|25|10|5|1|2|8|9|0|1|0
RZ1|213|1|OP15-088|0|24|6|9|1|1|0|0|0
RZ1|CHK|213|1|24|10|5|1|2|8|10|0|1|0
[jmi​#8380] Attach 1 Don to Sabo ["OP13-004">OP13-004] (1 Total)
RZ1|214|1|Don|5|7|9|9900|1|1|0|0|0
RZ1|CHK|214|1|24|10|5|1|2|7|10|0|1|1
[jmi​#8380] Attach 1 Don to Sabo ["OP13-004">OP13-004] (2 Total)
RZ1|215|1|Don|5|6|9|9901|1|1|0|0|0
RZ1|CHK|215|1|24|10|5|1|2|6|10|0|1|2
[jmi​#8380] Sabo ["OP13-004">OP13-004] attacking Portgas D. Ace ["OP16-001">OP16-001]
[Manuelo64​#3285] Discard Kingdew ["OP17-006">OP17-006] for Counter 2000
RZ1|216|2|OP17-006|1|4|6|3|1|1|0|0|0
RZ1|CHK|216|2|35|6|2|3|3|6|4|0|1|1
Sabo ["OP13-004">OP13-004][8000] vs Portgas D. Ace ["OP16-001">OP16-001][10000]
Attack Fails
[jmi​#8380] Loki ["OP17-119">OP17-119] attacking Portgas D. Ace ["OP16-001">OP16-001]
[Manuelo64​#3285] Discard Kingdew ["OP17-006">OP17-006] for Counter 2000
RZ1|217|2|OP17-006|1|2|6|4|1|1|0|0|0
RZ1|CHK|217|2|35|5|2|3|3|6|5|0|1|1
Loki ["OP17-119">OP17-119][9000] vs Portgas D. Ace ["OP16-001">OP16-001][10000]
Attack Fails
RZ1|218|1|Don|5|5|5|5|1|1|1|0|0
RZ1|CHK|218|1|24|10|5|1|2|6|10|0|1|2
[jmi​#8380] Trash Usopp ["OP17-080">OP17-080]
[jmi​#8380] Deploy Nami ["OP17-086">OP17-086]
RZ1|219|1|OP17-080|2|4|6|10|1|1|0|0|0
RZ1|CHK|219|1|24|10|4|1|2|6|11|0|1|2
RZ1|220|1|OP17-086|1|9|2|4|1|1|0|1000|0
RZ1|CHK|220|1|24|9|5|1|2|6|11|0|1|2
RZ1|221|1|OP17-087|1|6|6|11|1|1|0|0|0
RZ1|CHK|221|1|24|8|5|1|2|6|12|0|1|2
[jmi​#8380] Nami ["OP17-086">OP17-086]: Trash Nico Robin ["OP17-087">OP17-087]
[jmi​#8380] Drew card from deck: Bad Manners Kick Course ["OP04-016">OP04-016]
RZ1|222|1|OP04-016|0|23|1|8|1|1|0|0|0
RZ1|CHK|222|1|23|9|5|1|2|6|12|0|1|2
[jmi​#8380] Drew card from deck: Jaguar D. Saul ["OP17-089">OP17-089]
RZ1|223|1|OP17-089|0|22|1|9|1|1|0|0|0
RZ1|CHK|223|1|22|10|5|1|2|6|12|0|1|2
[jmi​#8380] Nami ["OP17-086">OP17-086]: Draw 2 Card
[jmi​#8380] Hand: [OP17-095,OP01-016,OP17-082,OP17-093,OP17-086,OP17-082,OP17-080,OP17-095,OP04-016,OP17-089]
[jmi​#8380] Board: [OP17-080,OP17-089,OP17-119,OP15-088,OP17-086]
[jmi​#8380] Trash: [OP17-093,OP17-084,OP17-080,OP17-087,OP17-081,OP17-095,OP17-096,ST01-011,OP15-088,OP15-088,OP17-080,OP17-087]
[jmi​#8380] Life: 1
[Manuelo64​#3285] Hand: [OP16-004,OP09-118,OP16-003,ST23-001,OP16-011]
[Manuelo64​#3285] Trash: [OP16-021,OP16-015,OP16-017,OP17-006,OP17-006]
[Manuelo64​#3285] Board: [OP13-016,OP17-005]
[Manuelo64​#3285] Life: 3
[jmi​#8380] End Turn
RZ1|224|2|Don|9|9900|5|0|1|1|1|0|0
RZ1|CHK|224|2|35|5|2|3|3|7|5|0|1|0
[Manuelo64​#3285] Draw 1 Card
[Manuelo64​#3285] Drew card from deck: Kingdew ["OP17-006">OP17-006]
RZ1|225|2|OP17-006|0|34|1|5|0|1|0|0|0
RZ1|CHK|225|2|34|6|2|3|3|7|5|0|1|0
RZ1|226|2|Don|4|2|5|7|1|1|0|0|0
RZ1|CHK|226|2|34|6|2|3|2|8|5|0|1|0
RZ1|227|2|Don|4|1|5|8|1|1|0|0|0
RZ1|CHK|227|2|34|6|2|3|1|9|5|0|1|0
[Manuelo64​#3285] Draw 2 Don
RZ1|228|2|Don|5|0|5|0|1|1|1|0|0
RZ1|CHK|228|2|34|6|2|3|1|9|5|0|1|0
RZ1|229|2|Don|5|1|5|1|1|1|1|0|0
RZ1|CHK|229|2|34|6|2|3|1|9|5|0|1|0
RZ1|230|2|Don|5|2|5|2|1|1|1|0|0
RZ1|CHK|230|2|34|6|2|3|1|9|5|0|1|0
RZ1|231|2|Don|5|3|5|3|1|1|1|0|0
RZ1|CHK|231|2|34|6|2|3|1|9|5|0|1|0
RZ1|232|2|Don|5|4|5|4|1|1|1|0|0
RZ1|CHK|232|2|34|6|2|3|1|9|5|0|1|0
RZ1|233|2|Don|5|5|5|5|1|1|1|0|0
RZ1|CHK|233|2|34|6|2|3|1|9|5|0|1|0
RZ1|234|2|Don|5|6|5|6|1|1|1|0|0
RZ1|CHK|234|2|34|6|2|3|1|9|5|0|1|0
RZ1|235|2|Don|5|7|5|7|1|1|1|0|0
RZ1|CHK|235|2|34|6|2|3|1|9|5|0|1|0
[Manuelo64​#3285] Deploy Edward Newgate ["OP16-003">OP16-003]
RZ1|236|2|OP16-003|1|2|2|2|1|1|0|0|0
RZ1|CHK|236|2|34|5|3|3|1|9|5|0|1|0
RZ1|237|2|OP17-006|1|4|1|4|1|1|0|0|0
RZ1|CHK|237|2|34|5|3|3|1|9|5|0|1|0
[Manuelo64​#3285] Edward Newgate ["OP16-003">OP16-003] revealed: Kingdew ["OP17-006">OP17-006]
RZ1|238|2|OP16-004|1|0|1|0|1|1|0|0|0
RZ1|CHK|238|2|34|5|3|3|1|9|5|0|1|0
[Manuelo64​#3285] Edward Newgate ["OP16-003">OP16-003] revealed: Curiel ["OP16-004">OP16-004]
[Manuelo64​#3285] Forcing opponent to resolve Card Action!
[jmi​#8380] Forcing opponent to resolve Card Action!
[Manuelo64​#3285] Edward Newgate ["OP16-003">OP16-003]: Buff Loki ["OP17-119">OP17-119] -6000
[Manuelo64​#3285] Portgas D. Ace ["OP16-001">OP16-001]: Give Edward Newgate ["OP16-003">OP16-003] Rush
[Manuelo64​#3285] Edward Newgate ["OP16-003">OP16-003] attacking Loki ["OP17-119">OP17-119]
Edward Newgate ["OP16-003">OP16-003][10000] vs Loki ["OP17-119">OP17-119][6000]
[jmi​#8380] Loki ["OP17-119">OP17-119] Destroyed
RZ1|239|1|OP17-119|2|2|6|12|1|1|0|0|0
RZ1|CHK|239|1|22|10|4|1|2|6|13|0|1|2
[Manuelo64​#3285] Attach 1 Don to Portgas D. Ace ["OP16-001">OP16-001] (1 Total)
RZ1|240|2|Don|5|8|9|9900|1|1|0|0|0
RZ1|CHK|240|2|34|5|3|3|1|8|5|0|1|1
[Manuelo64​#3285] Portgas D. Ace ["OP16-001">OP16-001] attacking Sabo ["OP13-004">OP13-004]
RZ1|241|1|OP17-089|1|9|6|13|1|1|0|0|0
RZ1|CHK|241|1|22|9|4|1|2|6|14|0|1|2
[jmi​#8380] Trash Jaguar D. Saul ["OP17-089">OP17-089]
RZ1|242|1|OP04-016|1|8|6|14|1|1|0|0|0
RZ1|CHK|242|1|22|8|4|1|2|6|15|0|1|2
[jmi​#8380] Bad Manners Kick Course ["OP04-016">OP04-016]: Counter 3000
Portgas D. Ace ["OP16-001">OP16-001][8000] vs Sabo ["OP13-004">OP13-004][9000]
Attack Fails
[Manuelo64​#3285] Edward Newgate ["OP17-005">OP17-005] attacking Sabo ["OP13-004">OP13-004]
Edward Newgate ["OP17-005">OP17-005][12000] vs Sabo ["OP13-004">OP13-004][6000]
Sabo ["OP13-004">OP13-004] hit for 1 damage
RZ1|243|1|OP17-083|3|0|1|8|1|1|0|0|0
RZ1|CHK|243|1|22|9|4|0|2|6|15|0|1|2
[Manuelo64​#3285] End Turn
[jmi​#8380] Hand: [OP17-095,OP01-016,OP17-082,OP17-093,OP17-086,OP17-082,OP17-080,OP17-095,OP17-083]
[jmi​#8380] Board: [OP17-080,OP17-089,OP15-088,OP17-086]
[jmi​#8380] Trash: [OP17-093,OP17-084,OP17-080,OP17-087,OP17-081,OP17-095,OP17-096,ST01-011,OP15-088,OP15-088,OP17-080,OP17-087,OP17-119,OP17-089,OP04-016]
[jmi​#8380] Life: 0
[Manuelo64​#3285] Hand: [OP16-004,OP09-118,ST23-001,OP16-011,OP17-006]
[Manuelo64​#3285] Trash: [OP16-021,OP16-015,OP16-017,OP17-006,OP17-006]
[Manuelo64​#3285] Board: [OP13-016,OP17-005,OP16-003]
[Manuelo64​#3285] Life: 3
RZ1|244|1|Don|9|9900|5|0|1|1|1|0|0
RZ1|CHK|244|1|22|9|4|0|2|7|15|0|1|1
RZ1|245|1|Don|9|9900|5|0|1|1|1|0|0
RZ1|CHK|245|1|22|9|4|0|2|8|15|0|1|0
[jmi​#8380] Draw 1 Card
[jmi​#8380] Drew card from deck: Brook ["ST01-011">ST01-011]
RZ1|246|1|ST01-011|0|21|1|9|1|1|0|0|0
RZ1|CHK|246|1|21|10|4|0|2|8|15|0|1|0
RZ1|247|1|Don|4|1|5|8|1|1|0|0|0
RZ1|CHK|247|1|21|10|4|0|1|9|15|0|1|0
RZ1|248|1|Don|4|0|5|9|1|1|0|0|0
RZ1|CHK|248|1|21|10|4|0|0|10|15|0|1|0
[jmi​#8380] Draw 2 Don
[jmi​#8380] Attach 1 Don to Sabo ["OP13-004">OP13-004] (1 Total)
RZ1|249|1|Don|5|9|9|9900|1|1|0|0|0
RZ1|CHK|249|1|21|10|4|0|0|9|15|0|1|1
[jmi​#8380] Jaguar D. Saul ["OP17-089">OP17-089] attacking Portgas D. Ace ["OP16-001">OP16-001]
RZ1|250|2|OP16-011|3|2|1|5|0|1|0|0|0
RZ1|CHK|250|2|34|6|3|2|1|8|5|0|1|1
Jaguar D. Saul ["OP17-089">OP17-089][7000] vs Portgas D. Ace ["OP16-001">OP16-001][5000]
Portgas D. Ace ["OP16-001">OP16-001] hit for 1 damage
[jmi​#8380] Attach 1 Don to Usopp ["OP17-080">OP17-080] (1 Total)
RZ1|251|1|Don|5|7|9|0|1|1|0|0|0
RZ1|CHK|251|1|21|10|4|0|0|8|15|0|1|2
[jmi​#8380] Usopp ["OP17-080">OP17-080] attacking Portgas D. Ace ["OP16-001">OP16-001]
RZ1|252|2|OP17-005|3|1|1|6|0|1|0|0|0
RZ1|CHK|252|2|34|7|3|1|1|8|5|0|1|1
Usopp ["OP17-080">OP17-080][7000] vs Portgas D. Ace ["OP16-001">OP16-001][5000]
Portgas D. Ace ["OP16-001">OP16-001] hit for 1 damage
[jmi​#8380] Pirate Docking 6 ["OP15-088">OP15-088] attacking Portgas D. Ace ["OP16-001">OP16-001]
[Manuelo64​#3285] Discard Kingdew ["OP17-006">OP17-006] for Counter 2000
RZ1|253|2|OP17-006|1|4|6|5|1|1|0|0|0
RZ1|CHK|253|2|34|6|3|1|1|8|6|0|1|1
[Manuelo64​#3285] Discard Uta ["ST23-001">ST23-001] for Counter 2000
RZ1|254|2|ST23-001|1|2|6|6|1|1|0|0|0
RZ1|CHK|254|2|34|5|3|1|1|8|7|0|1|1
Pirate Docking 6 ["OP15-088">OP15-088][8000] vs Portgas D. Ace ["OP16-001">OP16-001][9000]
Attack Fails
RZ1|255|1|Don|5|0|5|0|1|1|1|0|0
RZ1|CHK|255|1|21|10|4|0|0|8|15|0|1|2
RZ1|256|1|Don|5|1|5|1|1|1|1|0|0
RZ1|CHK|256|1|21|10|4|0|0|8|15|0|1|2
RZ1|257|1|Don|5|2|5|2|1|1|1|0|0
RZ1|CHK|257|1|21|10|4|0|0|8|15|0|1|2
RZ1|258|1|Don|5|3|5|3|1|1|1|0|0
RZ1|CHK|258|1|21|10|4|0|0|8|15|0|1|2
RZ1|259|1|Don|5|4|5|4|1|1|1|0|0
RZ1|CHK|259|1|21|10|4|0|0|8|15|0|1|2
RZ1|260|1|Don|5|5|5|5|1|1|1|0|0
RZ1|CHK|260|1|21|10|4|0|0|8|15|0|1|2
RZ1|261|1|Don|5|6|5|6|1|1|1|0|0
RZ1|CHK|261|1|21|10|4|0|0|8|15|0|1|2
RZ1|262|1|Don|5|7|5|7|1|1|1|0|0
RZ1|CHK|262|1|21|10|4|0|0|8|15|0|1|2
[jmi​#8380] Deploy Monkey D. Luffy ["OP17-093">OP17-093]
RZ1|263|1|OP17-093|1|3|2|4|1|1|0|1000|0
RZ1|CHK|263|1|21|9|5|0|0|8|15|0|1|2
[jmi​#8380] Drew card from deck: Loki ["OP17-119">OP17-119]
RZ1|264|1|OP17-119|0|20|1|9|1|1|0|0|0
RZ1|CHK|264|1|20|10|5|0|0|8|15|0|1|2
[jmi​#8380] Monkey D. Luffy ["OP17-093">OP17-093]: Draw 1 Card
RZ1|265|1|Don|9|0|5|0|1|1|1|0|0
RZ1|CHK|265|1|20|10|5|0|0|9|15|0|1|1
RZ1|266|1|OP17-080|2|0|6|15|1|1|0|0|0
RZ1|CHK|266|1|20|10|4|0|0|9|16|0|1|1
[jmi​#8380] Trash Usopp ["OP17-080">OP17-080]
[jmi​#8380] Monkey D. Luffy ["OP17-093">OP17-093]: Deployed Brook ["ST01-011">ST01-011] from Trash
RZ1|267|1|ST01-011|6|7|2|4|1|1|0|1000|0
RZ1|CHK|267|1|20|10|5|0|0|9|15|0|1|1
[jmi​#8380] Brook ["ST01-011">ST01-011]: Attach 1 Rested Don to Nami ["OP17-086">OP17-086]
RZ1|268|1|Don|5|0|9|200|1|1|1|0|0
RZ1|CHK|268|1|20|10|5|0|0|8|15|0|1|2
[jmi​#8380] Brook ["ST01-011">ST01-011]: Attach 1 Rested Don to Nami ["OP17-086">OP17-086]
RZ1|269|1|Don|5|0|9|201|1|1|1|0|0
RZ1|CHK|269|1|20|10|5|0|0|7|15|0|1|3
[jmi​#8380] Nami ["OP17-086">OP17-086] attacking Portgas D. Ace ["OP16-001">OP16-001]
[Manuelo64​#3285] Discard Curiel ["OP16-004">OP16-004] for Counter 2000
RZ1|270|2|OP16-004|1|0|6|7|1|1|0|0|0
RZ1|CHK|270|2|34|4|3|1|1|8|8|0|1|1
Nami ["OP17-086">OP17-086][5000] vs Portgas D. Ace ["OP16-001">OP16-001][7000]
Attack Fails
[jmi​#8380] Sabo ["OP13-004">OP13-004] attacking Portgas D. Ace ["OP16-001">OP16-001]
RZ1|271|2|OP16-003|3|0|1|4|0|1|0|0|0
RZ1|CHK|271|2|34|5|3|0|1|8|8|0|1|1
Sabo ["OP13-004">OP13-004][7000] vs Portgas D. Ace ["OP16-001">OP16-001][5000]
Portgas D. Ace ["OP16-001">OP16-001] hit for 1 damage
[jmi​#8380] Monkey D. Luffy ["OP17-093">OP17-093] attacking Portgas D. Ace ["OP16-001">OP16-001]
Monkey D. Luffy ["OP17-093">OP17-093][9000] vs Portgas D. Ace ["OP16-001">OP16-001][5000]
Portgas D. Ace ["OP16-001">OP16-001] hit for 1 damage
[Manuelo64​#3285] <b><size=24>gg</size></b>
[jmi​#8380] <b><size=24>gg</size></b>
[Manuelo64​#3285] Quits!
Opponent Has Disconnected!
[Manuelo64​#3285] <b>Downloaded the Combat Log!</b>
GameOver
