Waiting for a Connection with Room ID:XH8WKR7
jmi​#8380 Has Connected
Version is 1.42c.2
[jmi​#8380] Leader is Sabo ["OP13-004">OP13-004]
ScorpioLegacy​#4729 Has Connected
Version is 1.42c.2
[ScorpioLegacy​#4729] Leader is Sabo ["OP13-004">OP13-004]
[ScorpioLegacy​#4729] Chose to go Second
RZ1|HDR|1.42c|2|RZ1
RZ1|PLY|1|jmi​#8380|OP13-004
RZ1|PLY|2|ScorpioLegacy​#4729|OP13-004
RZ1|1|2|OP17-081|0|19|0|0|0|0|0|0|0
RZ1|CHK|1|2|50|0|0|0|10|0|0|0|1|0
RZ1|2|2|OP17-086|0|12|0|2|0|0|0|0|0
RZ1|CHK|2|2|50|0|0|0|10|0|0|0|1|0
RZ1|3|2|OP17-084|0|12|0|3|0|0|0|0|0
RZ1|CHK|3|2|50|0|0|0|10|0|0|0|1|0
RZ1|4|2|OP17-089|0|32|0|4|0|0|0|0|0
RZ1|CHK|4|2|50|0|0|0|10|0|0|0|1|0
RZ1|5|2|OP04-016|0|47|0|5|0|0|0|0|0
RZ1|CHK|5|2|50|0|0|0|10|0|0|0|1|0
RZ1|6|2|OP17-083|0|25|0|6|0|0|0|0|0
RZ1|CHK|6|2|50|0|0|0|10|0|0|0|1|0
RZ1|7|2|OP17-089|0|34|0|7|0|0|0|0|0
RZ1|CHK|7|2|50|0|0|0|10|0|0|0|1|0
RZ1|8|2|OP17-082|0|26|0|8|0|0|0|0|0
RZ1|CHK|8|2|50|0|0|0|10|0|0|0|1|0
RZ1|9|2|OP17-080|0|22|0|9|0|0|0|0|0
RZ1|CHK|9|2|50|0|0|0|10|0|0|0|1|0
RZ1|10|2|OP17-095|0|32|0|10|0|0|0|0|0
RZ1|CHK|10|2|50|0|0|0|10|0|0|0|1|0
RZ1|11|2|OP15-088|0|39|0|11|0|0|0|0|0
RZ1|CHK|11|2|50|0|0|0|10|0|0|0|1|0
RZ1|12|2|OP17-082|0|28|0|12|0|0|0|0|0
RZ1|CHK|12|2|50|0|0|0|10|0|0|0|1|0
RZ1|13|2|OP17-095|0|35|0|13|0|0|0|0|0
RZ1|CHK|13|2|50|0|0|0|10|0|0|0|1|0
RZ1|14|2|OP15-088|0|39|0|14|0|0|0|0|0
RZ1|CHK|14|2|50|0|0|0|10|0|0|0|1|0
RZ1|15|2|OP17-080|0|28|0|15|0|0|0|0|0
RZ1|CHK|15|2|50|0|0|0|10|0|0|0|1|0
RZ1|16|2|OP17-080|0|28|0|16|0|0|0|0|0
RZ1|CHK|16|2|50|0|0|0|10|0|0|0|1|0
RZ1|17|2|OP17-089|0|37|0|17|0|0|0|0|0
RZ1|CHK|17|2|50|0|0|0|10|0|0|0|1|0
RZ1|18|2|OP17-119|0|41|0|18|0|0|0|0|0
RZ1|CHK|18|2|50|0|0|0|10|0|0|0|1|0
RZ1|19|2|OP17-086|0|30|0|19|0|0|0|0|0
RZ1|CHK|19|2|50|0|0|0|10|0|0|0|1|0
RZ1|20|2|ST01-011|0|23|0|20|0|0|0|0|0
RZ1|CHK|20|2|50|0|0|0|10|0|0|0|1|0
RZ1|21|2|OP17-093|0|45|0|21|0|0|0|0|0
RZ1|CHK|21|2|50|0|0|0|10|0|0|0|1|0
RZ1|22|2|OP01-016|0|24|0|22|0|0|0|0|0
RZ1|CHK|22|2|50|0|0|0|10|0|0|0|1|0
RZ1|23|2|OP17-087|0|36|0|23|0|0|0|0|0
RZ1|CHK|23|2|50|0|0|0|10|0|0|0|1|0
RZ1|24|2|EB04-007|0|29|0|24|0|0|0|0|0
RZ1|CHK|24|2|50|0|0|0|10|0|0|0|1|0
RZ1|25|2|OP17-093|0|44|0|25|0|0|0|0|0
RZ1|CHK|25|2|50|0|0|0|10|0|0|0|1|0
RZ1|26|2|OP01-016|0|27|0|26|0|0|0|0|0
RZ1|CHK|26|2|50|0|0|0|10|0|0|0|1|0
RZ1|27|2|OP15-088|0|42|0|27|0|0|0|0|0
RZ1|CHK|27|2|50|0|0|0|10|0|0|0|1|0
RZ1|28|2|OP17-095|0|41|0|28|0|0|0|0|0
RZ1|CHK|28|2|50|0|0|0|10|0|0|0|1|0
RZ1|29|2|OP17-083|0|38|0|29|0|0|0|0|0
RZ1|CHK|29|2|50|0|0|0|10|0|0|0|1|0
RZ1|30|2|ST01-011|0|31|0|30|0|0|0|0|0
RZ1|CHK|30|2|50|0|0|0|10|0|0|0|1|0
RZ1|31|2|OP17-087|0|39|0|31|0|0|0|0|0
RZ1|CHK|31|2|50|0|0|0|10|0|0|0|1|0
RZ1|32|2|OP17-119|0|44|0|32|0|0|0|0|0
RZ1|CHK|32|2|50|0|0|0|10|0|0|0|1|0
RZ1|33|2|EB04-007|0|35|0|33|0|0|0|0|0
RZ1|CHK|33|2|50|0|0|0|10|0|0|0|1|0
RZ1|34|2|OP17-086|0|37|0|34|0|0|0|0|0
RZ1|CHK|34|2|50|0|0|0|10|0|0|0|1|0
RZ1|35|2|OP17-086|0|38|0|36|0|0|0|0|0
RZ1|CHK|35|2|50|0|0|0|10|0|0|0|1|0
RZ1|36|2|OP17-089|0|43|0|37|0|0|0|0|0
RZ1|CHK|36|2|50|0|0|0|10|0|0|0|1|0
RZ1|37|2|OP04-016|0|47|0|38|0|0|0|0|0
RZ1|CHK|37|2|50|0|0|0|10|0|0|0|1|0
RZ1|38|2|OP17-081|0|42|0|39|0|0|0|0|0
RZ1|CHK|38|2|50|0|0|0|10|0|0|0|1|0
RZ1|39|2|OP17-098|0|49|0|40|0|0|0|0|0
RZ1|CHK|39|2|50|0|0|0|10|0|0|0|1|0
RZ1|40|2|OP17-093|0|48|0|41|0|0|0|0|0
RZ1|CHK|40|2|50|0|0|0|10|0|0|0|1|0
RZ1|41|2|OP17-080|0|44|0|42|0|0|0|0|0
RZ1|CHK|41|2|50|0|0|0|10|0|0|0|1|0
RZ1|42|2|OP17-093|0|48|0|43|0|0|0|0|0
RZ1|CHK|42|2|50|0|0|0|10|0|0|0|1|0
RZ1|43|2|OP17-087|0|46|0|44|0|0|0|0|0
RZ1|CHK|43|2|50|0|0|0|10|0|0|0|1|0
RZ1|44|2|OP17-087|0|47|0|45|0|0|0|0|0
RZ1|CHK|44|2|50|0|0|0|10|0|0|0|1|0
RZ1|45|2|OP17-119|0|48|0|46|0|0|0|0|0
RZ1|CHK|45|2|50|0|0|0|10|0|0|0|1|0
[ScorpioLegacy​#4729] Drew card from deck: Gum-Gum Kong Pistol ["OP17-098">OP17-098]
RZ1|46|2|OP17-098|0|49|1|0|0|1|0|0|0
RZ1|CHK|46|2|49|1|0|0|10|0|0|0|1|0
[ScorpioLegacy​#4729] Drew card from deck: Tony Tony Chopper ["OP17-084">OP17-084]
RZ1|47|2|OP17-084|0|48|1|1|0|1|0|0|0
RZ1|CHK|47|2|48|2|0|0|10|0|0|0|1|0
[ScorpioLegacy​#4729] Drew card from deck: Brook ["ST01-011">ST01-011]
RZ1|48|2|ST01-011|0|47|1|2|0|1|0|0|0
RZ1|CHK|48|2|47|3|0|0|10|0|0|0|1|0
[ScorpioLegacy​#4729] Drew card from deck: Loki ["OP17-119">OP17-119]
RZ1|49|2|OP17-119|0|46|1|3|0|1|0|0|0
RZ1|CHK|49|2|46|4|0|0|10|0|0|0|1|0
[ScorpioLegacy​#4729] Drew card from deck: Nico Robin ["OP17-087">OP17-087]
RZ1|50|2|OP17-087|0|45|1|4|0|1|0|0|0
RZ1|CHK|50|2|45|5|0|0|10|0|0|0|1|0
RZ1|51|1|OP04-016|0|44|0|1|0|0|0|0|0
RZ1|CHK|51|1|50|0|0|0|10|0|0|0|1|0
RZ1|52|1|OP15-088|0|36|0|2|0|0|0|0|0
RZ1|CHK|52|1|50|0|0|0|10|0|0|0|1|0
RZ1|53|1|OP17-089|0|31|0|3|0|0|0|0|0
RZ1|CHK|53|1|50|0|0|0|10|0|0|0|1|0
RZ1|54|1|OP17-083|0|23|0|4|0|0|0|0|0
RZ1|CHK|54|1|50|0|0|0|10|0|0|0|1|0
RZ1|55|1|ST01-011|0|8|0|5|0|0|0|0|0
RZ1|CHK|55|1|50|0|0|0|10|0|0|0|1|0
RZ1|56|1|OP17-096|0|46|0|6|0|0|0|0|0
RZ1|CHK|56|1|50|0|0|0|10|0|0|0|1|0
RZ1|57|1|OP17-093|0|44|0|7|0|0|0|0|0
RZ1|CHK|57|1|50|0|0|0|10|0|0|0|1|0
RZ1|58|1|OP17-093|0|45|0|8|0|0|0|0|0
RZ1|CHK|58|1|50|0|0|0|10|0|0|0|1|0
RZ1|59|1|OP17-083|0|27|0|9|0|0|0|0|0
RZ1|CHK|59|1|50|0|0|0|10|0|0|0|1|0
RZ1|60|1|OP17-082|0|26|0|10|0|0|0|0|0
RZ1|CHK|60|1|50|0|0|0|10|0|0|0|1|0
RZ1|61|1|OP17-081|0|25|0|11|0|0|0|0|0
RZ1|CHK|61|1|50|0|0|0|10|0|0|0|1|0
RZ1|62|1|OP17-119|0|41|0|12|0|0|0|0|0
RZ1|CHK|62|1|50|0|0|0|10|0|0|0|1|0
RZ1|63|1|OP17-119|0|42|0|13|0|0|0|0|0
RZ1|CHK|63|1|50|0|0|0|10|0|0|0|1|0
RZ1|64|1|OP17-096|0|47|0|14|0|0|0|0|0
RZ1|CHK|64|1|50|0|0|0|10|0|0|0|1|0
RZ1|65|1|OP17-089|0|40|0|15|0|0|0|0|0
RZ1|CHK|65|1|50|0|0|0|10|0|0|0|1|0
RZ1|66|1|OP17-119|0|43|0|16|0|0|0|0|0
RZ1|CHK|66|1|50|0|0|0|10|0|0|0|1|0
RZ1|67|1|OP17-119|0|44|0|17|0|0|0|0|0
RZ1|CHK|67|1|50|0|0|0|10|0|0|0|1|0
RZ1|68|1|OP17-082|0|32|0|18|0|0|0|0|0
RZ1|CHK|68|1|50|0|0|0|10|0|0|0|1|0
RZ1|69|1|OP04-016|0|47|0|19|0|0|0|0|0
RZ1|CHK|69|1|50|0|0|0|10|0|0|0|1|0
RZ1|70|1|OP17-081|0|33|0|20|0|0|0|0|0
RZ1|CHK|70|1|50|0|0|0|10|0|0|0|1|0
RZ1|71|1|OP17-080|0|30|0|21|0|0|0|0|0
RZ1|CHK|71|1|50|0|0|0|10|0|0|0|1|0
RZ1|72|1|OP17-089|0|42|0|22|0|0|0|0|0
RZ1|CHK|72|1|50|0|0|0|10|0|0|0|1|0
RZ1|73|1|OP17-087|0|38|0|23|0|0|0|0|0
RZ1|CHK|73|1|50|0|0|0|10|0|0|0|1|0
RZ1|74|1|OP17-095|0|42|0|24|0|0|0|0|0
RZ1|CHK|74|1|50|0|0|0|10|0|0|0|1|0
RZ1|75|1|OP17-089|0|43|0|25|0|0|0|0|0
RZ1|CHK|75|1|50|0|0|0|10|0|0|0|1|0
RZ1|76|1|OP17-095|0|42|0|26|0|0|0|0|0
RZ1|CHK|76|1|50|0|0|0|10|0|0|0|1|0
RZ1|77|1|OP17-084|0|32|0|27|0|0|0|0|0
RZ1|CHK|77|1|50|0|0|0|10|0|0|0|1|0
RZ1|78|1|ST01-011|0|30|0|28|0|0|0|0|0
RZ1|CHK|78|1|50|0|0|0|10|0|0|0|1|0
RZ1|79|1|OP15-088|0|45|0|29|0|0|0|0|0
RZ1|CHK|79|1|50|0|0|0|10|0|0|0|1|0
RZ1|80|1|ST01-011|0|32|0|30|0|0|0|0|0
RZ1|CHK|80|1|50|0|0|0|10|0|0|0|1|0
RZ1|81|1|OP17-093|0|47|0|31|0|0|0|0|0
RZ1|CHK|81|1|50|0|0|0|10|0|0|0|1|0
RZ1|82|1|OP17-098|0|49|0|32|0|0|0|0|0
RZ1|CHK|82|1|50|0|0|0|10|0|0|0|1|0
RZ1|83|1|OP17-087|0|43|0|33|0|0|0|0|0
RZ1|CHK|83|1|50|0|0|0|10|0|0|0|1|0
RZ1|84|1|OP17-087|0|44|0|34|0|0|0|0|0
RZ1|CHK|84|1|50|0|0|0|10|0|0|0|1|0
RZ1|85|1|OP17-098|0|49|0|35|0|0|0|0|0
RZ1|CHK|85|1|50|0|0|0|10|0|0|0|1|0
RZ1|86|1|OP17-086|0|39|0|37|0|0|0|0|0
RZ1|CHK|86|1|50|0|0|0|10|0|0|0|1|0
RZ1|87|1|OP17-080|0|42|0|38|0|0|0|0|0
RZ1|CHK|87|1|50|0|0|0|10|0|0|0|1|0
RZ1|88|1|OP17-080|0|44|0|40|0|0|0|0|0
RZ1|CHK|88|1|50|0|0|0|10|0|0|0|1|0
RZ1|89|1|OP17-095|0|46|0|41|0|0|0|0|0
RZ1|CHK|89|1|50|0|0|0|10|0|0|0|1|0
RZ1|90|1|OP17-080|0|45|0|44|0|0|0|0|0
RZ1|CHK|90|1|50|0|0|0|10|0|0|0|1|0
RZ1|91|1|OP15-088|0|48|0|45|0|0|0|0|0
RZ1|CHK|91|1|50|0|0|0|10|0|0|0|1|0
RZ1|92|1|OP17-095|0|48|0|47|0|0|0|0|0
RZ1|CHK|92|1|50|0|0|0|10|0|0|0|1|0
RZ1|93|1|OP17-093|0|49|0|48|0|0|0|0|0
RZ1|CHK|93|1|50|0|0|0|10|0|0|0|1|0
[jmi​#8380] Drew card from deck: Sanji ["OP17-082">OP17-082]
RZ1|94|1|OP17-082|0|49|1|0|1|1|0|0|0
RZ1|CHK|94|1|49|1|0|0|10|0|0|0|1|0
[jmi​#8380] Drew card from deck: Monkey D. Luffy ["OP17-093">OP17-093]
RZ1|95|1|OP17-093|0|48|1|1|1|1|0|0|0
RZ1|CHK|95|1|48|2|0|0|10|0|0|0|1|0
[jmi​#8380] Drew card from deck: Roronoa Zoro ["OP17-095">OP17-095]
RZ1|96|1|OP17-095|0|47|1|2|1|1|0|0|0
RZ1|CHK|96|1|47|3|0|0|10|0|0|0|1|0
[jmi​#8380] Drew card from deck: Nami ["OP17-086">OP17-086]
RZ1|97|1|OP17-086|0|46|1|3|1|1|0|0|0
RZ1|CHK|97|1|46|4|0|0|10|0|0|0|1|0
[jmi​#8380] Drew card from deck: Pirate Docking 6 ["OP15-088">OP15-088]
RZ1|98|1|OP15-088|0|45|1|4|1|1|0|0|0
RZ1|CHK|98|1|45|5|0|0|10|0|0|0|1|0
[jmi​#8380] Hand before Mulligan: [OP17-082,OP17-093,OP17-095,OP17-086,OP15-088]
RZ1|99|2|OP17-098|1|0|0|45|0|0|0|0|0
RZ1|CHK|99|2|46|4|0|0|10|0|0|0|1|0
RZ1|100|2|OP17-084|1|0|0|46|0|0|0|0|0
RZ1|CHK|100|2|47|3|0|0|10|0|0|0|1|0
RZ1|101|2|ST01-011|1|0|0|47|0|0|0|0|0
RZ1|CHK|101|2|48|2|0|0|10|0|0|0|1|0
RZ1|102|2|OP17-119|1|0|0|48|0|0|0|0|0
RZ1|CHK|102|2|49|1|0|0|10|0|0|0|1|0
RZ1|103|2|OP17-087|1|0|0|49|0|0|0|0|0
RZ1|CHK|103|2|50|0|0|0|10|0|0|0|1|0
RZ1|104|2|OP17-098|0|40|0|0|0|0|0|0|0
RZ1|CHK|104|2|50|0|0|0|10|0|0|0|1|0
RZ1|105|2|OP17-093|0|41|0|1|0|0|0|0|0
RZ1|CHK|105|2|50|0|0|0|10|0|0|0|1|0
RZ1|106|2|OP17-080|0|11|0|2|0|0|0|0|0
RZ1|CHK|106|2|50|0|0|0|10|0|0|0|1|0
RZ1|107|2|OP04-016|0|8|0|3|0|0|0|0|0
RZ1|CHK|107|2|50|0|0|0|10|0|0|0|1|0
RZ1|108|2|EB04-007|0|35|0|4|0|0|0|0|0
RZ1|CHK|108|2|50|0|0|0|10|0|0|0|1|0
RZ1|109|2|OP17-087|0|49|0|5|0|0|0|0|0
RZ1|CHK|109|2|50|0|0|0|10|0|0|0|1|0
RZ1|110|2|OP17-080|0|19|0|6|0|0|0|0|0
RZ1|CHK|110|2|50|0|0|0|10|0|0|0|1|0
RZ1|111|2|OP17-119|0|22|0|7|0|0|0|0|0
RZ1|CHK|111|2|50|0|0|0|10|0|0|0|1|0
RZ1|112|2|OP17-086|0|10|0|8|0|0|0|0|0
RZ1|CHK|112|2|50|0|0|0|10|0|0|0|1|0
RZ1|113|2|OP01-016|0|38|0|9|0|0|0|0|0
RZ1|CHK|113|2|50|0|0|0|10|0|0|0|1|0
RZ1|114|2|OP17-119|0|37|0|10|0|0|0|0|0
RZ1|CHK|114|2|50|0|0|0|10|0|0|0|1|0
RZ1|115|2|OP17-084|0|13|0|12|0|0|0|0|0
RZ1|CHK|115|2|50|0|0|0|10|0|0|0|1|0
RZ1|116|2|OP17-080|0|43|0|13|0|0|0|0|0
RZ1|CHK|116|2|50|0|0|0|10|0|0|0|1|0
RZ1|117|2|OP17-093|0|44|0|14|0|0|0|0|0
RZ1|CHK|117|2|50|0|0|0|10|0|0|0|1|0
RZ1|118|2|OP17-084|0|47|0|15|0|0|0|0|0
RZ1|CHK|118|2|50|0|0|0|10|0|0|0|1|0
RZ1|119|2|OP15-088|0|25|0|16|0|0|0|0|0
RZ1|CHK|119|2|50|0|0|0|10|0|0|0|1|0
RZ1|120|2|OP17-086|0|41|0|17|0|0|0|0|0
RZ1|CHK|120|2|50|0|0|0|10|0|0|0|1|0
RZ1|121|2|OP01-016|0|36|0|18|0|0|0|0|0
RZ1|CHK|121|2|50|0|0|0|10|0|0|0|1|0
RZ1|122|2|OP17-083|0|21|0|19|0|0|0|0|0
RZ1|CHK|122|2|50|0|0|0|10|0|0|0|1|0
RZ1|123|2|OP17-093|0|36|0|20|0|0|0|0|0
RZ1|CHK|123|2|50|0|0|0|10|0|0|0|1|0
RZ1|124|2|OP17-081|0|45|0|21|0|0|0|0|0
RZ1|CHK|124|2|50|0|0|0|10|0|0|0|1|0
RZ1|125|2|OP15-088|0|27|0|22|0|0|0|0|0
RZ1|CHK|125|2|50|0|0|0|10|0|0|0|1|0
RZ1|126|2|OP01-016|0|35|0|23|0|0|0|0|0
RZ1|CHK|126|2|50|0|0|0|10|0|0|0|1|0
RZ1|127|2|OP17-083|0|40|0|24|0|0|0|0|0
RZ1|CHK|127|2|50|0|0|0|10|0|0|0|1|0
RZ1|128|2|OP17-089|0|27|0|25|0|0|0|0|0
RZ1|CHK|128|2|50|0|0|0|10|0|0|0|1|0
RZ1|129|2|ST01-011|0|35|0|26|0|0|0|0|0
RZ1|CHK|129|2|50|0|0|0|10|0|0|0|1|0
RZ1|130|2|ST01-011|0|48|0|27|0|0|0|0|0
RZ1|CHK|130|2|50|0|0|0|10|0|0|0|1|0
RZ1|131|2|OP17-087|0|43|0|28|0|0|0|0|0
RZ1|CHK|131|2|50|0|0|0|10|0|0|0|1|0
RZ1|132|2|OP17-095|0|32|0|29|0|0|0|0|0
RZ1|CHK|132|2|50|0|0|0|10|0|0|0|1|0
RZ1|133|2|OP15-088|0|41|0|30|0|0|0|0|0
RZ1|CHK|133|2|50|0|0|0|10|0|0|0|1|0
RZ1|134|2|OP17-080|0|36|0|31|0|0|0|0|0
RZ1|CHK|134|2|50|0|0|0|10|0|0|0|1|0
RZ1|135|2|OP17-082|0|35|0|32|0|0|0|0|0
RZ1|CHK|135|2|50|0|0|0|10|0|0|0|1|0
RZ1|136|2|OP17-093|0|39|0|33|0|0|0|0|0
RZ1|CHK|136|2|50|0|0|0|10|0|0|0|1|0
RZ1|137|2|OP17-086|0|44|0|34|0|0|0|0|0
RZ1|CHK|137|2|50|0|0|0|10|0|0|0|1|0
RZ1|138|2|ST01-011|0|44|0|35|0|0|0|0|0
RZ1|CHK|138|2|50|0|0|0|10|0|0|0|1|0
RZ1|139|2|OP17-086|0|41|0|36|0|0|0|0|0
RZ1|CHK|139|2|50|0|0|0|10|0|0|0|1|0
RZ1|140|2|OP17-082|0|39|0|37|0|0|0|0|0
RZ1|CHK|140|2|50|0|0|0|10|0|0|0|1|0
RZ1|141|2|OP17-087|0|42|0|38|0|0|0|0|0
RZ1|CHK|141|2|50|0|0|0|10|0|0|0|1|0
RZ1|142|2|OP17-089|0|40|0|39|0|0|0|0|0
RZ1|CHK|142|2|50|0|0|0|10|0|0|0|1|0
RZ1|143|2|OP04-016|0|46|0|40|0|0|0|0|0
RZ1|CHK|143|2|50|0|0|0|10|0|0|0|1|0
RZ1|144|2|EB04-007|0|44|0|41|0|0|0|0|0
RZ1|CHK|144|2|50|0|0|0|10|0|0|0|1|0
RZ1|145|2|OP17-089|0|44|0|43|0|0|0|0|0
RZ1|CHK|145|2|50|0|0|0|10|0|0|0|1|0
RZ1|146|2|OP17-087|0|47|0|45|0|0|0|0|0
RZ1|CHK|146|2|50|0|0|0|10|0|0|0|1|0
RZ1|147|2|OP17-089|0|47|0|46|0|0|0|0|0
RZ1|CHK|147|2|50|0|0|0|10|0|0|0|1|0
[ScorpioLegacy​#4729] Drew card from deck: Loki ["OP17-119">OP17-119]
RZ1|148|2|OP17-119|0|49|1|0|0|1|0|0|0
RZ1|CHK|148|2|49|1|0|0|10|0|0|0|1|0
[ScorpioLegacy​#4729] Drew card from deck: Gum-Gum Kong Pistol ["OP17-098">OP17-098]
RZ1|149|2|OP17-098|0|48|1|1|0|1|0|0|0
RZ1|CHK|149|2|48|2|0|0|10|0|0|0|1|0
[ScorpioLegacy​#4729] Drew card from deck: Roronoa Zoro ["OP17-095">OP17-095]
RZ1|150|2|OP17-095|0|47|1|2|0|1|0|0|0
RZ1|CHK|150|2|47|3|0|0|10|0|0|0|1|0
[ScorpioLegacy​#4729] Drew card from deck: Jaguar D. Saul ["OP17-089">OP17-089]
RZ1|151|2|OP17-089|0|46|1|3|0|1|0|0|0
RZ1|CHK|151|2|46|4|0|0|10|0|0|0|1|0
[ScorpioLegacy​#4729] Drew card from deck: Nico Robin ["OP17-087">OP17-087]
RZ1|152|2|OP17-087|0|45|1|4|0|1|0|0|0
RZ1|CHK|152|2|45|5|0|0|10|0|0|0|1|0
RZ1|153|2|OP17-095|0|44|3|0|0|1|0|0|0
RZ1|CHK|153|2|44|5|0|1|10|0|0|0|1|0
RZ1|154|2|OP17-089|0|43|3|1|0|1|0|0|0
RZ1|CHK|154|2|43|5|0|2|10|0|0|0|1|0
RZ1|155|2|OP01-016|0|42|3|2|0|1|0|0|0
RZ1|CHK|155|2|42|5|0|3|10|0|0|0|1|0
RZ1|156|2|EB04-007|0|41|3|3|0|1|0|0|0
RZ1|CHK|156|2|41|5|0|4|10|0|0|0|1|0
RZ1|157|2|OP04-016|0|40|3|4|0|1|0|0|0
RZ1|CHK|157|2|40|5|0|5|10|0|0|0|1|0
[ScorpioLegacy​#4729] Mulligan
RZ1|158|1|OP17-080|0|44|3|0|1|0|0|0|0
RZ1|CHK|158|1|44|5|0|1|10|0|0|0|1|0
RZ1|159|1|OP17-086|0|43|3|1|1|0|0|0|0
RZ1|CHK|159|1|43|5|0|2|10|0|0|0|1|0
RZ1|160|1|OP17-084|0|42|3|2|1|0|0|0|0
RZ1|CHK|160|1|42|5|0|3|10|0|0|0|1|0
RZ1|161|1|OP17-095|0|41|3|3|1|0|0|0|0
RZ1|CHK|161|1|41|5|0|4|10|0|0|0|1|0
RZ1|162|1|OP17-080|0|40|3|4|1|0|0|0|0
RZ1|CHK|162|1|40|5|0|5|10|0|0|0|1|0
[jmi​#8380] Hand: [OP17-082,OP17-093,OP17-095,OP17-086,OP15-088]
[jmi​#8380] Board: []
[jmi​#8380] Trash: []
[jmi​#8380] Life: 5
[ScorpioLegacy​#4729] Hand: [OP17-119,OP17-098,OP17-095,OP17-089,OP17-087]
[ScorpioLegacy​#4729] Trash: []
[ScorpioLegacy​#4729] Board: []
[ScorpioLegacy​#4729] Life: 5
RZ1|163|1|Don|4|9|5|0|1|1|0|0|0
RZ1|CHK|163|1|40|5|0|5|9|1|0|0|1|0
[jmi​#8380] Draw 1 Don
RZ1|164|1|Don|5|0|5|0|1|1|1|0|0
RZ1|CHK|164|1|40|5|0|5|9|1|0|0|1|0
[jmi​#8380] Deploy Nami ["OP17-086">OP17-086]
RZ1|165|1|OP17-086|1|3|2|0|1|1|0|0|0
RZ1|CHK|165|1|40|4|1|5|9|1|0|0|1|0
RZ1|166|1|OP17-082|1|0|6|0|1|1|0|0|0
RZ1|CHK|166|1|40|3|1|5|9|1|1|0|1|0
[jmi​#8380] Nami ["OP17-086">OP17-086]: Trash Sanji ["OP17-082">OP17-082]
[jmi​#8380] Drew card from deck: Brook ["ST01-011">ST01-011]
RZ1|167|1|ST01-011|0|39|1|3|1|1|0|0|0
RZ1|CHK|167|1|39|4|1|5|9|1|1|0|1|0
[jmi​#8380] Drew card from deck: Usopp ["OP17-080">OP17-080]
RZ1|168|1|OP17-080|0|38|1|4|1|1|0|0|0
RZ1|CHK|168|1|38|5|1|5|9|1|1|0|1|0
[jmi​#8380] Nami ["OP17-086">OP17-086]: Draw 2 Card
[jmi​#8380] Hand: [OP17-093,OP17-095,OP15-088,ST01-011,OP17-080]
[jmi​#8380] Board: [OP17-086]
[jmi​#8380] Trash: [OP17-082]
[jmi​#8380] Life: 5
[ScorpioLegacy​#4729] Hand: [OP17-119,OP17-098,OP17-095,OP17-089,OP17-087]
[ScorpioLegacy​#4729] Trash: []
[ScorpioLegacy​#4729] Board: []
[ScorpioLegacy​#4729] Life: 5
[jmi​#8380] End Turn
[ScorpioLegacy​#4729] Draw 1 Card
[ScorpioLegacy​#4729] Drew card from deck: Jaguar D. Saul ["OP17-089">OP17-089]
RZ1|169|2|OP17-089|0|39|1|5|0|1|0|0|0
RZ1|CHK|169|2|39|6|0|5|10|0|0|0|1|0
RZ1|170|2|Don|4|9|5|0|1|1|0|0|0
RZ1|CHK|170|2|39|6|0|5|9|1|0|0|1|0
RZ1|171|2|Don|4|8|5|1|1|1|0|0|0
RZ1|CHK|171|2|39|6|0|5|8|2|0|0|1|0
[ScorpioLegacy​#4729] Draw 2 Don
RZ1|172|2|Don|5|0|5|0|1|1|1|0|0
RZ1|CHK|172|2|39|6|0|5|8|2|0|0|1|0
RZ1|173|2|Don|5|1|5|1|1|1|1|0|0
RZ1|CHK|173|2|39|6|0|5|8|2|0|0|1|0
[ScorpioLegacy​#4729] Deploy Roronoa Zoro ["OP17-095">OP17-095]
RZ1|174|2|OP17-095|1|2|2|0|1|1|0|0|0
RZ1|CHK|174|2|39|5|1|5|8|2|0|0|1|0
[ScorpioLegacy​#4729] End Turn
[jmi​#8380] Hand: [OP17-093,OP17-095,OP15-088,ST01-011,OP17-080]
[jmi​#8380] Board: [OP17-086]
[jmi​#8380] Trash: [OP17-082]
[jmi​#8380] Life: 5
[ScorpioLegacy​#4729] Hand: [OP17-119,OP17-098,OP17-089,OP17-087,OP17-089]
[ScorpioLegacy​#4729] Trash: []
[ScorpioLegacy​#4729] Board: [OP17-095]
[ScorpioLegacy​#4729] Life: 5
[jmi​#8380] Draw 1 Card
[jmi​#8380] Drew card from deck: Nami ["OP17-086">OP17-086]
RZ1|175|1|OP17-086|0|37|1|5|1|1|0|0|0
RZ1|CHK|175|1|37|6|1|5|9|1|1|0|1|0
RZ1|176|1|Don|4|8|5|1|1|1|0|0|0
RZ1|CHK|176|1|37|6|1|5|8|2|1|0|1|0
RZ1|177|1|Don|4|7|5|2|1|1|0|0|0
RZ1|CHK|177|1|37|6|1|5|7|3|1|0|1|0
[jmi​#8380] Draw 2 Don
[jmi​#8380] Sabo ["OP13-004">OP13-004] attacking Sabo ["OP13-004">OP13-004]
RZ1|178|2|OP04-016|3|4|1|5|0|1|0|0|0
RZ1|CHK|178|2|39|6|1|4|8|2|0|0|1|0
Sabo ["OP13-004">OP13-004][4000] vs Sabo ["OP13-004">OP13-004][4000]
Sabo ["OP13-004">OP13-004] hit for 1 damage
RZ1|179|1|Don|5|0|5|0|1|1|1|0|0
RZ1|CHK|179|1|37|6|1|5|7|3|1|0|1|0
RZ1|180|1|Don|5|1|5|1|1|1|1|0|0
RZ1|CHK|180|1|37|6|1|5|7|3|1|0|1|0
[jmi​#8380] Deploy Usopp ["OP17-080">OP17-080]
RZ1|181|1|OP17-080|1|4|2|1|1|1|0|0|0
RZ1|CHK|181|1|37|5|2|5|7|3|1|0|1|0
RZ1|182|1|OP17-098|0|35|1|5|1|1|0|0|0
RZ1|CHK|182|1|36|6|2|5|7|3|1|0|1|0
[jmi​#8380] Usopp ["OP17-080">OP17-080]: <b>Reveal and Draw Gum-Gum Kong Pistol ["OP17-098">OP17-098]</b>
[jmi​#8380] Usopp ["OP17-080">OP17-080]: Trash 2 Remaining Cards
RZ1|183|1|OP01-016|0|35|6|1|1|1|0|0|0
RZ1|CHK|183|1|35|6|2|5|7|3|2|0|1|0
RZ1|184|1|OP17-087|0|34|6|2|1|1|0|0|0
RZ1|CHK|184|1|34|6|2|5|7|3|3|0|1|0
RZ1|185|1|Don|5|2|5|2|1|1|1|0|0
RZ1|CHK|185|1|34|6|2|5|7|3|3|0|1|0
[jmi​#8380] Deploy Nami ["OP17-086">OP17-086]
RZ1|186|1|OP17-086|1|4|2|2|1|1|0|0|0
RZ1|CHK|186|1|34|5|3|5|7|3|3|0|1|0
RZ1|187|1|OP17-095|1|1|6|3|1|1|0|0|0
RZ1|CHK|187|1|34|4|3|5|7|3|4|0|1|0
[jmi​#8380] Nami ["OP17-086">OP17-086]: Trash Roronoa Zoro ["OP17-095">OP17-095]
[jmi​#8380] Drew card from deck: Nico Robin ["OP17-087">OP17-087]
RZ1|188|1|OP17-087|0|33|1|4|1|1|0|0|0
RZ1|CHK|188|1|33|5|3|5|7|3|4|0|1|0
[jmi​#8380] Drew card from deck: Gum-Gum Kong Pistol ["OP17-098">OP17-098]
RZ1|189|1|OP17-098|0|32|1|5|1|1|0|0|0
RZ1|CHK|189|1|32|6|3|5|7|3|4|0|1|0
[jmi​#8380] Nami ["OP17-086">OP17-086]: Draw 2 Card
[jmi​#8380] Hand: [OP17-093,OP15-088,ST01-011,OP17-098,OP17-087,OP17-098]
[jmi​#8380] Board: [OP17-086,OP17-080,OP17-086]
[jmi​#8380] Trash: [OP17-082,OP01-016,OP17-087,OP17-095]
[jmi​#8380] Life: 5
[ScorpioLegacy​#4729] Hand: [OP17-119,OP17-098,OP17-089,OP17-087,OP17-089,OP04-016]
[ScorpioLegacy​#4729] Trash: []
[ScorpioLegacy​#4729] Board: [OP17-095]
[ScorpioLegacy​#4729] Life: 4
[jmi​#8380] End Turn
[ScorpioLegacy​#4729] Draw 1 Card
[ScorpioLegacy​#4729] Drew card from deck: Nico Robin ["OP17-087">OP17-087]
RZ1|190|2|OP17-087|0|38|1|6|0|1|0|0|0
RZ1|CHK|190|2|38|7|1|4|8|2|0|0|1|0
RZ1|191|2|Don|4|7|5|2|1|1|0|0|0
RZ1|CHK|191|2|38|7|1|4|7|3|0|0|1|0
RZ1|192|2|Don|4|6|5|3|1|1|0|0|0
RZ1|CHK|192|2|38|7|1|4|6|4|0|0|1|0
[ScorpioLegacy​#4729] Draw 2 Don
RZ1|193|2|Don|5|0|5|0|1|1|1|0|0
RZ1|CHK|193|2|38|7|1|4|6|4|0|0|1|0
RZ1|194|2|Don|5|1|5|1|1|1|1|0|0
RZ1|CHK|194|2|38|7|1|4|6|4|0|0|1|0
RZ1|195|2|Don|5|2|5|2|1|1|1|0|0
RZ1|CHK|195|2|38|7|1|4|6|4|0|0|1|0
RZ1|196|2|Don|5|3|5|3|1|1|1|0|0
RZ1|CHK|196|2|38|7|1|4|6|4|0|0|1|0
[ScorpioLegacy​#4729] Deploy Jaguar D. Saul ["OP17-089">OP17-089]
RZ1|197|2|OP17-089|1|2|2|1|1|1|0|0|12
RZ1|CHK|197|2|38|6|2|4|6|4|0|0|1|0
RZ1|198|2|OP17-082|0|37|1|6|0|1|0|0|0
RZ1|CHK|198|2|37|7|2|4|6|4|0|0|1|0
[ScorpioLegacy​#4729] Jaguar D. Saul ["OP17-089">OP17-089]: <b>Reveal and Draw Sanji ["OP17-082">OP17-082]</b>
[ScorpioLegacy​#4729] Jaguar D. Saul ["OP17-089">OP17-089]: Trash 2 Remaining Cards
RZ1|199|2|OP17-086|0|36|6|0|1|1|0|0|0
RZ1|CHK|199|2|36|7|2|4|6|4|1|0|1|0
RZ1|200|2|ST01-011|0|35|6|1|1|1|0|0|0
RZ1|CHK|200|2|35|7|2|4|6|4|2|0|1|0
[ScorpioLegacy​#4729] Sabo ["OP13-004">OP13-004] attacking Sabo ["OP13-004">OP13-004]
Sabo ["OP13-004">OP13-004][4000] vs Sabo ["OP13-004">OP13-004][4000]
Sabo ["OP13-004">OP13-004] hit for 1 damage
RZ1|201|1|OP17-080|3|4|1|6|1|1|0|0|0
RZ1|CHK|201|1|32|7|3|4|7|3|4|0|1|0
[ScorpioLegacy​#4729] End Turn
[jmi​#8380] Hand: [OP17-093,OP15-088,ST01-011,OP17-098,OP17-087,OP17-098,OP17-080]
[jmi​#8380] Board: [OP17-086,OP17-080,OP17-086]
[jmi​#8380] Trash: [OP17-082,OP01-016,OP17-087,OP17-095]
[jmi​#8380] Life: 4
[ScorpioLegacy​#4729] Hand: [OP17-119,OP17-098,OP17-087,OP17-089,OP04-016,OP17-087,OP17-082]
[ScorpioLegacy​#4729] Trash: [OP17-086,ST01-011]
[ScorpioLegacy​#4729] Board: [OP17-095,OP17-089]
[ScorpioLegacy​#4729] Life: 4
[jmi​#8380] Draw 1 Card
[jmi​#8380] Drew card from deck: Monkey D. Luffy ["OP17-093">OP17-093]
RZ1|202|1|OP17-093|0|31|1|7|1|1|0|0|0
RZ1|CHK|202|1|31|8|3|4|7|3|4|0|1|0
RZ1|203|1|Don|4|6|5|3|1|1|0|0|0
RZ1|CHK|203|1|31|8|3|4|6|4|4|0|1|0
RZ1|204|1|Don|4|5|5|4|1|1|0|0|0
RZ1|CHK|204|1|31|8|3|4|5|5|4|0|1|0
[jmi​#8380] Draw 2 Don
[jmi​#8380] Sabo ["OP13-004">OP13-004] attacking Sabo ["OP13-004">OP13-004]
RZ1|205|2|EB04-007|3|3|1|7|0|1|0|0|0
RZ1|CHK|205|2|35|8|2|3|6|4|2|0|1|0
Sabo ["OP13-004">OP13-004][4000] vs Sabo ["OP13-004">OP13-004][4000]
Sabo ["OP13-004">OP13-004] hit for 1 damage
RZ1|206|1|Don|5|0|5|0|1|1|1|0|0
RZ1|CHK|206|1|31|8|3|4|5|5|4|0|1|0
RZ1|207|1|Don|5|1|5|1|1|1|1|0|0
RZ1|CHK|207|1|31|8|3|4|5|5|4|0|1|0
RZ1|208|1|Don|5|2|5|2|1|1|1|0|0
RZ1|CHK|208|1|31|8|3|4|5|5|4|0|1|0
RZ1|209|1|Don|5|3|5|3|1|1|1|0|0
RZ1|CHK|209|1|31|8|3|4|5|5|4|0|1|0
RZ1|210|1|Don|5|4|5|4|1|1|1|0|0
RZ1|CHK|210|1|31|8|3|4|5|5|4|0|1|0
[jmi​#8380] Deploy Pirate Docking 6 ["OP15-088">OP15-088]
RZ1|211|1|OP15-088|1|1|2|3|1|1|0|0|6
RZ1|CHK|211|1|31|7|4|4|5|5|4|0|1|0
[jmi​#8380] Pirate Docking 6 ["OP15-088">OP15-088]: Trash 3 Cards from Deck
RZ1|212|1|ST01-011|0|30|6|4|1|1|0|0|0
RZ1|CHK|212|1|30|7|4|4|5|5|5|0|1|0
RZ1|213|1|OP15-088|0|29|6|5|1|1|0|0|0
RZ1|CHK|213|1|29|7|4|4|5|5|6|0|1|0
RZ1|214|1|ST01-011|0|28|6|6|1|1|0|0|0
RZ1|CHK|214|1|28|7|4|4|5|5|7|0|1|0
[jmi​#8380] Pirate Docking 6 ["OP15-088">OP15-088]: Deployed Brook ["ST01-011">ST01-011] from Trash
RZ1|215|1|ST01-011|6|4|2|4|1|1|0|0|0
RZ1|CHK|215|1|28|7|5|4|5|5|6|0|1|0
[jmi​#8380] Brook ["ST01-011">ST01-011]: Attach 1 Rested Don to Sabo ["OP13-004">OP13-004]
RZ1|216|1|Don|5|0|9|9900|1|1|1|0|0
RZ1|CHK|216|1|28|7|5|4|5|4|6|0|1|1
[jmi​#8380] Brook ["ST01-011">ST01-011]: Attach 1 Rested Don to Sabo ["OP13-004">OP13-004]
RZ1|217|1|Don|5|0|9|9901|1|1|1|0|0
RZ1|CHK|217|1|28|7|5|4|5|3|6|0|1|2
[jmi​#8380] Usopp ["OP17-080">OP17-080] attacking Sabo ["OP13-004">OP13-004]
RZ1|218|2|OP01-016|3|2|1|8|0|1|0|0|0
RZ1|CHK|218|2|35|9|2|2|6|4|2|0|1|0
Usopp ["OP17-080">OP17-080][6000] vs Sabo ["OP13-004">OP13-004][5000]
Sabo ["OP13-004">OP13-004] hit for 1 damage
[jmi​#8380] Hand: [OP17-093,ST01-011,OP17-098,OP17-087,OP17-098,OP17-080,OP17-093]
[jmi​#8380] Board: [OP17-086,OP17-080,OP17-086,OP15-088,ST01-011]
[jmi​#8380] Trash: [OP17-082,OP01-016,OP17-087,OP17-095,OP15-088,ST01-011]
[jmi​#8380] Life: 4
[ScorpioLegacy​#4729] Hand: [OP17-119,OP17-098,OP17-087,OP17-089,OP04-016,OP17-087,OP17-082,EB04-007,OP01-016]
[ScorpioLegacy​#4729] Trash: [OP17-086,ST01-011]
[ScorpioLegacy​#4729] Board: [OP17-095,OP17-089]
[ScorpioLegacy​#4729] Life: 2
[jmi​#8380] End Turn
[ScorpioLegacy​#4729] Draw 1 Card
[ScorpioLegacy​#4729] Drew card from deck: Nami ["OP17-086">OP17-086]
RZ1|219|2|OP17-086|0|34|1|9|0|1|0|0|0
RZ1|CHK|219|2|34|10|2|2|6|4|2|0|1|0
RZ1|220|2|Don|4|5|5|4|1|1|0|0|0
RZ1|CHK|220|2|34|10|2|2|5|5|2|0|1|0
RZ1|221|2|Don|4|4|5|5|1|1|0|0|0
RZ1|CHK|221|2|34|10|2|2|4|6|2|0|1|0
[ScorpioLegacy​#4729] Draw 2 Don
RZ1|222|2|Don|5|0|5|0|1|1|1|0|0
RZ1|CHK|222|2|34|10|2|2|4|6|2|0|1|0
RZ1|223|2|Don|5|1|5|1|1|1|1|0|0
RZ1|CHK|223|2|34|10|2|2|4|6|2|0|1|0
RZ1|224|2|Don|5|2|5|2|1|1|1|0|0
RZ1|CHK|224|2|34|10|2|2|4|6|2|0|1|0
RZ1|225|2|Don|5|3|5|3|1|1|1|0|0
RZ1|CHK|225|2|34|10|2|2|4|6|2|0|1|0
RZ1|226|2|Don|5|4|5|4|1|1|1|0|0
RZ1|CHK|226|2|34|10|2|2|4|6|2|0|1|0
RZ1|227|2|Don|5|5|5|5|1|1|1|0|0
RZ1|CHK|227|2|34|10|2|2|4|6|2|0|1|0
[ScorpioLegacy​#4729] Deploy Loki ["OP17-119">OP17-119]
RZ1|228|2|OP17-119|1|0|2|2|1|1|0|0|12
RZ1|CHK|228|2|34|9|3|2|4|6|2|0|1|0
[ScorpioLegacy​#4729] Loki ["OP17-119">OP17-119]: Destroy Usopp ["OP17-080">OP17-080]
[ScorpioLegacy​#4729] Loki ["OP17-119">OP17-119]: Destroy Nami ["OP17-086">OP17-086]
[ScorpioLegacy​#4729] Loki ["OP17-119">OP17-119]: Destroy Nami ["OP17-086">OP17-086]
RZ1|229|1|OP17-086|2|0|6|6|1|1|0|0|0
RZ1|CHK|229|1|28|7|4|4|5|3|7|0|1|2
RZ1|230|1|OP17-086|2|1|6|7|1|1|0|0|0
RZ1|CHK|230|1|28|7|3|4|5|3|8|0|1|2
RZ1|231|1|OP17-080|2|0|6|8|1|1|0|0|0
RZ1|CHK|231|1|28|7|2|4|5|3|9|0|1|2
[ScorpioLegacy​#4729] Sabo ["OP13-004">OP13-004] attacking Sabo ["OP13-004">OP13-004]
Sabo ["OP13-004">OP13-004][5000] vs Sabo ["OP13-004">OP13-004][5000]
Sabo ["OP13-004">OP13-004] hit for 1 damage
RZ1|232|1|OP17-095|3|3|1|7|1|1|0|0|0
RZ1|CHK|232|1|28|8|2|3|5|3|9|0|1|2
[ScorpioLegacy​#4729] End Turn
[jmi​#8380] Hand: [OP17-093,ST01-011,OP17-098,OP17-087,OP17-098,OP17-080,OP17-093,OP17-095]
[jmi​#8380] Board: [OP15-088,ST01-011]
[jmi​#8380] Trash: [OP17-082,OP01-016,OP17-087,OP17-095,OP15-088,ST01-011,OP17-086,OP17-086,OP17-080]
[jmi​#8380] Life: 3
[ScorpioLegacy​#4729] Hand: [OP17-098,OP17-087,OP17-089,OP04-016,OP17-087,OP17-082,EB04-007,OP01-016,OP17-086]
[ScorpioLegacy​#4729] Trash: [OP17-086,ST01-011]
[ScorpioLegacy​#4729] Board: [OP17-095,OP17-089,OP17-119]
[ScorpioLegacy​#4729] Life: 2
RZ1|233|1|Don|9|9900|5|0|1|1|1|0|0
RZ1|CHK|233|1|28|8|2|3|5|4|9|0|1|1
RZ1|234|1|Don|9|9900|5|0|1|1|1|0|0
RZ1|CHK|234|1|28|8|2|3|5|5|9|0|1|0
[jmi​#8380] Draw 1 Card
[jmi​#8380] Drew card from deck: Tony Tony Chopper ["OP17-084">OP17-084]
RZ1|235|1|OP17-084|0|27|1|8|1|1|0|0|0
RZ1|CHK|235|1|27|9|2|3|5|5|9|0|1|0
RZ1|236|1|Don|4|4|5|5|1|1|0|0|0
RZ1|CHK|236|1|27|9|2|3|4|6|9|0|1|0
RZ1|237|1|Don|4|3|5|6|1|1|0|0|0
RZ1|CHK|237|1|27|9|2|3|3|7|9|0|1|0
[jmi​#8380] Draw 2 Don
RZ1|238|1|Don|5|0|5|0|1|1|1|0|0
RZ1|CHK|238|1|27|9|2|3|3|7|9|0|1|0
RZ1|239|1|Don|5|1|5|1|1|1|1|0|0
RZ1|CHK|239|1|27|9|2|3|3|7|9|0|1|0
[jmi​#8380] Deploy Usopp ["OP17-080">OP17-080]
RZ1|240|1|OP17-080|1|5|2|2|1|1|0|3000|0
RZ1|CHK|240|1|27|8|3|3|3|7|9|0|1|0
RZ1|241|1|OP17-089|0|25|1|8|1|1|0|0|0
RZ1|CHK|241|1|26|9|3|3|3|7|9|0|1|0
[jmi​#8380] Usopp ["OP17-080">OP17-080]: <b>Reveal and Draw Jaguar D. Saul ["OP17-089">OP17-089]</b>
[jmi​#8380] Usopp ["OP17-080">OP17-080]: Trash 2 Remaining Cards
RZ1|242|1|OP17-095|0|25|6|9|1|1|0|0|0
RZ1|CHK|242|1|25|9|3|3|3|7|10|0|1|0
RZ1|243|1|OP17-095|0|24|6|10|1|1|0|0|0
RZ1|CHK|243|1|24|9|3|3|3|7|11|0|1|0
RZ1|244|1|Don|5|2|5|2|1|1|1|0|0
RZ1|CHK|244|1|24|9|3|3|3|7|11|0|1|0
RZ1|245|1|Don|5|3|5|3|1|1|1|0|0
RZ1|CHK|245|1|24|9|3|3|3|7|11|0|1|0
RZ1|246|1|Don|5|4|5|4|1|1|1|0|0
RZ1|CHK|246|1|24|9|3|3|3|7|11|0|1|0
RZ1|247|1|Don|5|5|5|5|1|1|1|0|0
RZ1|CHK|247|1|24|9|3|3|3|7|11|0|1|0
[jmi​#8380] Deploy Jaguar D. Saul ["OP17-089">OP17-089]
RZ1|248|1|OP17-089|1|8|2|3|1|1|0|0|12
RZ1|CHK|248|1|24|8|4|3|3|7|11|0|1|0
RZ1|249|1|OP17-080|0|21|1|8|1|1|0|0|0
RZ1|CHK|249|1|23|9|4|3|3|7|11|0|1|0
[jmi​#8380] Jaguar D. Saul ["OP17-089">OP17-089]: <b>Reveal and Draw Usopp ["OP17-080">OP17-080]</b>
[jmi​#8380] Jaguar D. Saul ["OP17-089">OP17-089]: Trash 2 Remaining Cards
RZ1|250|1|OP17-087|0|22|6|11|1|1|0|0|0
RZ1|CHK|250|1|22|9|4|3|3|7|12|0|1|0
RZ1|251|1|OP17-089|0|21|6|12|1|1|0|0|0
RZ1|CHK|251|1|21|9|4|3|3|7|13|0|1|0
[jmi​#8380] Attach 1 Don to Sabo ["OP13-004">OP13-004] (1 Total)
RZ1|252|1|Don|5|6|9|9900|1|1|0|0|0
RZ1|CHK|252|1|21|9|4|3|3|6|13|0|1|1
[jmi​#8380] Sabo ["OP13-004">OP13-004] attacking Sabo ["OP13-004">OP13-004]
RZ1|253|2|OP17-089|1|2|6|2|1|1|0|0|0
RZ1|CHK|253|2|34|8|3|2|4|6|3|0|1|0
[ScorpioLegacy​#4729] Trash Jaguar D. Saul ["OP17-089">OP17-089]
RZ1|254|2|OP04-016|1|2|6|3|1|1|0|0|0
RZ1|CHK|254|2|34|7|3|2|4|6|4|0|1|0
[ScorpioLegacy​#4729] Bad Manners Kick Course ["OP04-016">OP04-016]: Counter 3000
Sabo ["OP13-004">OP13-004][7000] vs Sabo ["OP13-004">OP13-004][8000]
Attack Fails
[jmi​#8380] Pirate Docking 6 ["OP15-088">OP15-088] attacking Sabo ["OP13-004">OP13-004]
RZ1|255|2|OP17-089|3|1|1|7|0|1|0|0|0
RZ1|CHK|255|2|34|8|3|1|4|6|4|0|1|0
Pirate Docking 6 ["OP15-088">OP15-088][8000] vs Sabo ["OP13-004">OP13-004][5000]
Sabo ["OP13-004">OP13-004] hit for 1 damage
[jmi​#8380] Hand: [OP17-093,ST01-011,OP17-098,OP17-087,OP17-098,OP17-093,OP17-095,OP17-084,OP17-080]
[jmi​#8380] Board: [OP15-088,ST01-011,OP17-080,OP17-089]
[jmi​#8380] Trash: [OP17-082,OP01-016,OP17-087,OP17-095,OP15-088,ST01-011,OP17-086,OP17-086,OP17-080,OP17-095,OP17-095,OP17-087,OP17-089]
[jmi​#8380] Life: 3
[ScorpioLegacy​#4729] Hand: [OP17-098,OP17-087,OP17-087,OP17-082,EB04-007,OP01-016,OP17-086,OP17-089]
[ScorpioLegacy​#4729] Trash: [OP17-086,ST01-011,OP17-089,OP04-016]
[ScorpioLegacy​#4729] Board: [OP17-095,OP17-089,OP17-119]
[ScorpioLegacy​#4729] Life: 1
[jmi​#8380] End Turn
[ScorpioLegacy​#4729] Draw 1 Card
[ScorpioLegacy​#4729] Drew card from deck: Monkey D. Luffy ["OP17-093">OP17-093]
RZ1|256|2|OP17-093|0|33|1|8|0|1|0|0|0
RZ1|CHK|256|2|33|9|3|1|4|6|4|0|1|0
RZ1|257|2|Don|4|3|5|6|1|1|0|0|0
RZ1|CHK|257|2|33|9|3|1|3|7|4|0|1|0
RZ1|258|2|Don|4|2|5|7|1|1|0|0|0
RZ1|CHK|258|2|33|9|3|1|2|8|4|0|1|0
[ScorpioLegacy​#4729] Draw 2 Don
RZ1|259|2|Don|5|0|5|0|1|1|1|0|0
RZ1|CHK|259|2|33|9|3|1|2|8|4|0|1|0
RZ1|260|2|Don|5|1|5|1|1|1|1|0|0
RZ1|CHK|260|2|33|9|3|1|2|8|4|0|1|0
RZ1|261|2|Don|5|2|5|2|1|1|1|0|0
RZ1|CHK|261|2|33|9|3|1|2|8|4|0|1|0
RZ1|262|2|Don|5|3|5|3|1|1|1|0|0
RZ1|CHK|262|2|33|9|3|1|2|8|4|0|1|0
RZ1|263|2|Don|5|4|5|4|1|1|1|0|0
RZ1|CHK|263|2|33|9|3|1|2|8|4|0|1|0
RZ1|264|2|Don|5|5|5|5|1|1|1|0|0
RZ1|CHK|264|2|33|9|3|1|2|8|4|0|1|0
RZ1|265|2|Don|5|6|5|6|1|1|1|0|0
RZ1|CHK|265|2|33|9|3|1|2|8|4|0|1|0
[ScorpioLegacy​#4729] Deploy Roronoa Zoro ["EB04-007">EB04-007]
RZ1|266|2|EB04-007|1|4|2|3|1|1|0|0|0
RZ1|CHK|266|2|33|8|4|1|2|8|4|0|1|0
[ScorpioLegacy​#4729] Roronoa Zoro ["EB04-007">EB04-007]: Grant Sabo ["OP13-004">OP13-004] 2000 until opponent's next turn end
[ScorpioLegacy​#4729] Attach 1 Don to Sabo ["OP13-004">OP13-004] (1 Total)
RZ1|267|2|Don|5|7|9|9900|1|1|0|0|0
RZ1|CHK|267|2|33|8|4|1|2|7|4|0|1|1
[ScorpioLegacy​#4729] Roronoa Zoro ["EB04-007">EB04-007]: Give Roronoa Zoro ["EB04-007">EB04-007] Character Rush
[ScorpioLegacy​#4729] Sabo ["OP13-004">OP13-004] attacking Pirate Docking 6 ["OP15-088">OP15-088]
Sabo ["OP13-004">OP13-004][9000] vs Pirate Docking 6 ["OP15-088">OP15-088][8000]
[jmi​#8380] Pirate Docking 6 ["OP15-088">OP15-088] Destroyed
RZ1|268|1|OP15-088|2|0|6|13|1|1|0|0|0
RZ1|CHK|268|1|21|9|3|3|3|6|14|0|1|1
[ScorpioLegacy​#4729] Jaguar D. Saul ["OP17-089">OP17-089] attacking Sabo ["OP13-004">OP13-004]
[jmi​#8380] Discard Brook ["ST01-011">ST01-011] for Counter 2000
RZ1|269|1|ST01-011|1|1|6|14|1|1|0|0|0
RZ1|CHK|269|1|21|8|3|3|3|6|15|0|1|1
Jaguar D. Saul ["OP17-089">OP17-089][7000] vs Sabo ["OP13-004">OP13-004][8000]
Attack Fails
[ScorpioLegacy​#4729] Loki ["OP17-119">OP17-119] attacking Sabo ["OP13-004">OP13-004]
Loki ["OP17-119">OP17-119][9000] vs Sabo ["OP13-004">OP13-004][6000]
Sabo ["OP13-004">OP13-004] hit for 1 damage
RZ1|270|1|OP17-084|3|2|1|8|1|1|0|0|0
RZ1|CHK|270|1|21|9|3|2|3|6|15|0|1|1
[ScorpioLegacy​#4729] End Turn
[jmi​#8380] Hand: [OP17-093,OP17-098,OP17-087,OP17-098,OP17-093,OP17-095,OP17-084,OP17-080,OP17-084]
[jmi​#8380] Board: [ST01-011,OP17-080,OP17-089]
[jmi​#8380] Trash: [OP17-082,OP01-016,OP17-087,OP17-095,OP15-088,ST01-011,OP17-086,OP17-086,OP17-080,OP17-095,OP17-095,OP17-087,OP17-089,OP15-088,ST01-011]
[jmi​#8380] Life: 2
[ScorpioLegacy​#4729] Hand: [OP17-098,OP17-087,OP17-087,OP17-082,OP01-016,OP17-086,OP17-089,OP17-093]
[ScorpioLegacy​#4729] Trash: [OP17-086,ST01-011,OP17-089,OP04-016]
[ScorpioLegacy​#4729] Board: [OP17-095,OP17-089,OP17-119,EB04-007]
[ScorpioLegacy​#4729] Life: 1
RZ1|271|1|Don|9|9900|5|0|1|1|1|0|0
RZ1|CHK|271|1|21|9|3|2|3|7|15|0|1|0
[jmi​#8380] Draw 1 Card
[jmi​#8380] Drew card from deck: Gerd ["OP17-081">OP17-081]
RZ1|272|1|OP17-081|0|20|1|9|1|1|0|0|0
RZ1|CHK|272|1|20|10|3|2|3|7|15|0|1|0
RZ1|273|1|Don|4|2|5|7|1|1|0|0|0
RZ1|CHK|273|1|20|10|3|2|2|8|15|0|1|0
RZ1|274|1|Don|4|1|5|8|1|1|0|0|0
RZ1|CHK|274|1|20|10|3|2|1|9|15|0|1|0
[jmi​#8380] Draw 2 Don
RZ1|275|1|Don|5|0|5|0|1|1|1|0|0
RZ1|CHK|275|1|20|10|3|2|1|9|15|0|1|0
RZ1|276|1|Don|5|1|5|1|1|1|1|0|0
RZ1|CHK|276|1|20|10|3|2|1|9|15|0|1|0
RZ1|277|1|Don|5|2|5|2|1|1|1|0|0
RZ1|CHK|277|1|20|10|3|2|1|9|15|0|1|0
RZ1|278|1|Don|5|3|5|3|1|1|1|0|0
RZ1|CHK|278|1|20|10|3|2|1|9|15|0|1|0
RZ1|279|1|Don|5|4|5|4|1|1|1|0|0
RZ1|CHK|279|1|20|10|3|2|1|9|15|0|1|0
RZ1|280|1|Don|5|5|5|5|1|1|1|0|0
RZ1|CHK|280|1|20|10|3|2|1|9|15|0|1|0
RZ1|281|1|Don|5|6|5|6|1|1|1|0|0
RZ1|CHK|281|1|20|10|3|2|1|9|15|0|1|0
RZ1|282|1|Don|5|7|5|7|1|1|1|0|0
RZ1|CHK|282|1|20|10|3|2|1|9|15|0|1|0
[jmi​#8380] Deploy Monkey D. Luffy ["OP17-093">OP17-093]
RZ1|283|1|OP17-093|1|4|2|3|1|1|0|0|0
RZ1|CHK|283|1|20|9|4|2|1|9|15|0|1|0
[jmi​#8380] Drew card from deck: Bad Manners Kick Course ["OP04-016">OP04-016]
RZ1|284|1|OP04-016|0|19|1|9|1|1|0|0|0
RZ1|CHK|284|1|19|10|4|2|1|9|15|0|1|0
[jmi​#8380] Monkey D. Luffy ["OP17-093">OP17-093]: Draw 1 Card
[jmi​#8380] Monkey D. Luffy ["OP17-093">OP17-093]: Deployed Nico Robin ["OP17-087">OP17-087] from Trash
RZ1|285|1|OP17-087|6|2|2|4|1|1|0|3000|0
RZ1|CHK|285|1|19|10|5|2|1|9|14|0|1|0
[jmi​#8380] Nico Robin ["OP17-087">OP17-087]: Buff Jaguar D. Saul ["OP17-089">OP17-089] -3000
[jmi​#8380] Attach 1 Don to Sabo ["OP13-004">OP13-004] (1 Total)
RZ1|286|1|Don|5|8|9|9900|1|1|0|0|0
RZ1|CHK|286|1|19|10|5|2|1|8|14|0|1|1
[jmi​#8380] Brook ["ST01-011">ST01-011] attacking Jaguar D. Saul ["OP17-089">OP17-089]
[ScorpioLegacy​#4729] Discard Nico Robin ["OP17-087">OP17-087] for Counter 1000
RZ1|287|2|OP17-087|1|2|6|4|1|1|0|0|0
RZ1|CHK|287|2|33|7|4|1|2|7|5|0|1|1
Brook ["ST01-011">ST01-011][4000] vs Jaguar D. Saul ["OP17-089">OP17-089][5000]
Attack Fails
[jmi​#8380] Usopp ["OP17-080">OP17-080] attacking Jaguar D. Saul ["OP17-089">OP17-089]
RZ1|288|2|OP17-089|2|1|6|5|1|1|0|0|0
RZ1|CHK|288|2|33|7|3|1|2|7|6|0|1|1
Usopp ["OP17-080">OP17-080][6000] vs Jaguar D. Saul ["OP17-089">OP17-089][4000]
[ScorpioLegacy​#4729] Jaguar D. Saul ["OP17-089">OP17-089] Destroyed
[jmi​#8380] Hand: [OP17-093,OP17-098,OP17-087,OP17-098,OP17-095,OP17-084,OP17-080,OP17-084,OP17-081,OP04-016]
[jmi​#8380] Board: [ST01-011,OP17-080,OP17-089,OP17-093,OP17-087]
[jmi​#8380] Trash: [OP17-082,OP01-016,OP17-095,OP15-088,ST01-011,OP17-086,OP17-086,OP17-080,OP17-095,OP17-095,OP17-087,OP17-089,OP15-088,ST01-011]
[jmi​#8380] Life: 2
[ScorpioLegacy​#4729] Hand: [OP17-098,OP17-087,OP17-082,OP01-016,OP17-086,OP17-089,OP17-093]
[ScorpioLegacy​#4729] Trash: [OP17-086,ST01-011,OP17-089,OP04-016,OP17-087,OP17-089]
[ScorpioLegacy​#4729] Board: [OP17-095,OP17-119,EB04-007]
[ScorpioLegacy​#4729] Life: 1
[jmi​#8380] End Turn
RZ1|289|2|Don|9|9900|5|0|1|1|1|0|0
RZ1|CHK|289|2|33|7|3|1|2|8|6|0|1|0
[ScorpioLegacy​#4729] Draw 1 Card
[ScorpioLegacy​#4729] Drew card from deck: Sanji ["OP17-082">OP17-082]
RZ1|290|2|OP17-082|0|32|1|7|0|1|0|0|0
RZ1|CHK|290|2|32|8|3|1|2|8|6|0|1|0
RZ1|291|2|Don|4|1|5|8|1|1|0|0|0
RZ1|CHK|291|2|32|8|3|1|1|9|6|0|1|0
RZ1|292|2|Don|4|0|5|9|1|1|0|0|0
RZ1|CHK|292|2|32|8|3|1|0|10|6|0|1|0
[ScorpioLegacy​#4729] Draw 2 Don
RZ1|293|2|Don|5|0|5|0|1|1|1|0|0
RZ1|CHK|293|2|32|8|3|1|0|10|6|0|1|0
RZ1|294|2|Don|5|1|5|1|1|1|1|0|0
RZ1|CHK|294|2|32|8|3|1|0|10|6|0|1|0
RZ1|295|2|Don|5|2|5|2|1|1|1|0|0
RZ1|CHK|295|2|32|8|3|1|0|10|6|0|1|0
RZ1|296|2|Don|5|3|5|3|1|1|1|0|0
RZ1|CHK|296|2|32|8|3|1|0|10|6|0|1|0
RZ1|297|2|Don|5|4|5|4|1|1|1|0|0
RZ1|CHK|297|2|32|8|3|1|0|10|6|0|1|0
RZ1|298|2|Don|5|5|5|5|1|1|1|0|0
RZ1|CHK|298|2|32|8|3|1|0|10|6|0|1|0
RZ1|299|2|Don|5|6|5|6|1|1|1|0|0
RZ1|CHK|299|2|32|8|3|1|0|10|6|0|1|0
RZ1|300|2|Don|5|7|5|7|1|1|1|0|0
RZ1|CHK|300|2|32|8|3|1|0|10|6|0|1|0
[ScorpioLegacy​#4729] Deploy Monkey D. Luffy ["OP17-093">OP17-093]
RZ1|301|2|OP17-093|1|6|2|3|1|1|0|0|0
RZ1|CHK|301|2|32|7|4|1|0|10|6|0|1|0
[ScorpioLegacy​#4729] Drew card from deck: Usopp ["OP17-080">OP17-080]
RZ1|302|2|OP17-080|0|31|1|7|0|1|0|0|0
RZ1|CHK|302|2|31|8|4|1|0|10|6|0|1|0
[ScorpioLegacy​#4729] Monkey D. Luffy ["OP17-093">OP17-093]: Draw 1 Card
[ScorpioLegacy​#4729] Monkey D. Luffy ["OP17-093">OP17-093]: Deployed Nico Robin ["OP17-087">OP17-087] from Trash
RZ1|303|2|OP17-087|6|4|2|4|1|1|0|3000|0
RZ1|CHK|303|2|31|8|5|1|0|10|5|0|1|0
[ScorpioLegacy​#4729] Nico Robin ["OP17-087">OP17-087]: Buff Usopp ["OP17-080">OP17-080] -3000
[ScorpioLegacy​#4729] Attach 1 Don to Sabo ["OP13-004">OP13-004] (1 Total)
RZ1|304|2|Don|5|9|9|9900|1|1|0|0|0
RZ1|CHK|304|2|31|8|5|1|0|9|5|0|1|1
[ScorpioLegacy​#4729] Roronoa Zoro ["OP17-095">OP17-095] attacking Usopp ["OP17-080">OP17-080]
Roronoa Zoro ["OP17-095">OP17-095][6000] vs Usopp ["OP17-080">OP17-080][3000]
[jmi​#8380] Usopp ["OP17-080">OP17-080] Destroyed
RZ1|305|1|OP17-080|2|1|6|14|1|1|0|0|0
RZ1|CHK|305|1|19|10|4|2|1|8|15|0|1|1
[ScorpioLegacy​#4729] Sabo ["OP13-004">OP13-004] attacking Brook ["ST01-011">ST01-011]
Sabo ["OP13-004">OP13-004][7000] vs Brook ["ST01-011">ST01-011][4000]
[jmi​#8380] Brook ["ST01-011">ST01-011] Destroyed
RZ1|306|1|ST01-011|2|0|6|15|1|1|0|0|0
RZ1|CHK|306|1|19|10|3|2|1|8|16|0|1|1
[ScorpioLegacy​#4729] Monkey D. Luffy ["OP17-093">OP17-093] attacking Sabo ["OP13-004">OP13-004]
[jmi​#8380] Discard Tony Tony Chopper ["OP17-084">OP17-084] for Counter 2000
RZ1|307|1|OP17-084|1|7|6|16|1|1|0|0|0
RZ1|CHK|307|1|19|9|3|2|1|8|17|0|1|1
[jmi​#8380] Discard Roronoa Zoro ["OP17-095">OP17-095] for Counter 2000
RZ1|308|1|OP17-095|1|4|6|17|1|1|0|0|0
RZ1|CHK|308|1|19|8|3|2|1|8|18|0|1|1
Monkey D. Luffy ["OP17-093">OP17-093][9000] vs Sabo ["OP13-004">OP13-004][10000]
Attack Fails
[ScorpioLegacy​#4729] Loki ["OP17-119">OP17-119] attacking Sabo ["OP13-004">OP13-004]
Loki ["OP17-119">OP17-119][9000] vs Sabo ["OP13-004">OP13-004][6000]
Sabo ["OP13-004">OP13-004] hit for 1 damage
RZ1|309|1|OP17-086|3|1|1|8|1|1|0|0|0
RZ1|CHK|309|1|19|9|3|1|1|8|18|0|1|1
[ScorpioLegacy​#4729] Roronoa Zoro ["EB04-007">EB04-007] attacking Sabo ["OP13-004">OP13-004]
Roronoa Zoro ["EB04-007">EB04-007][10000] vs Sabo ["OP13-004">OP13-004][6000]
Sabo ["OP13-004">OP13-004] hit for 1 damage
RZ1|310|1|OP17-080|3|0|1|9|1|1|0|0|0
RZ1|CHK|310|1|19|10|3|0|1|8|18|0|1|1
[ScorpioLegacy​#4729] End Turn
[jmi​#8380] Hand: [OP17-093,OP17-098,OP17-087,OP17-098,OP17-084,OP17-080,OP17-081,OP04-016,OP17-086,OP17-080]
[jmi​#8380] Board: [OP17-089,OP17-093,OP17-087]
[jmi​#8380] Trash: [OP17-082,OP01-016,OP17-095,OP15-088,ST01-011,OP17-086,OP17-086,OP17-080,OP17-095,OP17-095,OP17-087,OP17-089,OP15-088,ST01-011,OP17-080,ST01-011,OP17-084,OP17-095]
[jmi​#8380] Life: 0
[ScorpioLegacy​#4729] Hand: [OP17-098,OP17-087,OP17-082,OP01-016,OP17-086,OP17-089,OP17-082,OP17-080]
[ScorpioLegacy​#4729] Trash: [OP17-086,ST01-011,OP17-089,OP04-016,OP17-089]
[ScorpioLegacy​#4729] Board: [OP17-095,OP17-119,EB04-007,OP17-093,OP17-087]
[ScorpioLegacy​#4729] Life: 1
RZ1|311|1|Don|9|9900|5|0|1|1|1|0|0
RZ1|CHK|311|1|19|10|3|0|1|9|18|0|1|0
[jmi​#8380] Draw 1 Card
[jmi​#8380] Drew card from deck: Sanji ["OP17-082">OP17-082]
RZ1|312|1|OP17-082|0|18|1|10|1|1|0|0|0
RZ1|CHK|312|1|18|11|3|0|1|9|18|0|1|0
RZ1|313|1|Don|4|0|5|9|1|1|0|0|0
RZ1|CHK|313|1|18|11|3|0|0|10|18|0|1|0
[jmi​#8380] Draw 2 Don
[jmi​#8380] Attach 1 Don to Sabo ["OP13-004">OP13-004] (1 Total)
RZ1|314|1|Don|5|9|9|9900|1|1|0|0|0
RZ1|CHK|314|1|18|11|3|0|0|9|18|0|1|1
[jmi​#8380] Attach 1 Don to Jaguar D. Saul ["OP17-089">OP17-089] (1 Total)
RZ1|315|1|Don|5|8|9|0|1|1|0|0|0
RZ1|CHK|315|1|18|11|3|0|0|8|18|0|1|2
[jmi​#8380] Jaguar D. Saul ["OP17-089">OP17-089] attacking Sabo ["OP13-004">OP13-004]
[ScorpioLegacy​#4729] Gum-Gum Kong Pistol ["OP17-098">OP17-098]: Activate Counter
[ScorpioLegacy​#4729] Gum-Gum Kong Pistol ["OP17-098">OP17-098]: Rest 1 Don
RZ1|316|2|Don|5|8|5|8|1|1|1|0|0
RZ1|CHK|316|2|31|8|5|1|0|9|5|0|1|1
RZ1|317|2|OP17-098|1|0|6|5|1|1|0|0|0
RZ1|CHK|317|2|31|7|5|1|0|9|6|0|1|1
[ScorpioLegacy​#4729] Gum-Gum Kong Pistol ["OP17-098">OP17-098]: Buff Sabo ["OP13-004">OP13-004] 3000 for the Combat
Jaguar D. Saul ["OP17-089">OP17-089][8000] vs Sabo ["OP13-004">OP13-004][9000]
Attack Fails
[jmi​#8380] Attach 1 Don to Sabo ["OP13-004">OP13-004] (2 Total)
RZ1|318|1|Don|5|7|9|9901|1|1|0|0|0
RZ1|CHK|318|1|18|11|3|0|0|7|18|0|1|3
[jmi​#8380] Sabo ["OP13-004">OP13-004] attacking Sabo ["OP13-004">OP13-004]
[ScorpioLegacy​#4729] Discard Sanji ["OP17-082">OP17-082] for Counter 1000
RZ1|319|2|OP17-082|1|1|6|6|1|1|0|0|0
RZ1|CHK|319|2|31|6|5|1|0|9|7|0|1|1
[ScorpioLegacy​#4729] Discard Sanji ["OP17-082">OP17-082] for Counter 1000
RZ1|320|2|OP17-082|1|4|6|7|1|1|0|0|0
RZ1|CHK|320|2|31|5|5|1|0|9|8|0|1|1
[ScorpioLegacy​#4729] Discard Usopp ["OP17-080">OP17-080] for Counter 1000
RZ1|321|2|OP17-080|1|4|6|8|1|1|0|0|0
RZ1|CHK|321|2|31|4|5|1|0|9|9|0|1|1
Sabo ["OP13-004">OP13-004][8000] vs Sabo ["OP13-004">OP13-004][9000]
Attack Fails
[jmi​#8380] Attach 4 Don to Nico Robin ["OP17-087">OP17-087] (4 Total)
RZ1|322|1|Don|5|5|9|200|1|1|0|0|0
RZ1|CHK|322|1|18|11|3|0|0|6|18|0|1|4
RZ1|323|1|Don|5|5|9|201|1|1|0|0|0
RZ1|CHK|323|1|18|11|3|0|0|5|18|0|1|5
RZ1|324|1|Don|5|4|9|202|1|1|0|0|0
RZ1|CHK|324|1|18|11|3|0|0|4|18|0|1|6
RZ1|325|1|Don|5|3|9|203|1|1|0|0|0
RZ1|CHK|325|1|18|11|3|0|0|3|18|0|1|7
[jmi​#8380] Nico Robin ["OP17-087">OP17-087] attacking Sabo ["OP13-004">OP13-004]
RZ1|326|2|OP17-095|3|0|1|4|0|1|0|0|0
RZ1|CHK|326|2|31|5|5|0|0|9|9|0|1|1
Nico Robin ["OP17-087">OP17-087][10000] vs Sabo ["OP13-004">OP13-004][6000]
Sabo ["OP13-004">OP13-004] hit for 1 damage
[jmi​#8380] Attach 3 Don to Monkey D. Luffy ["OP17-093">OP17-093] (3 Total)
RZ1|327|1|Don|5|0|9|100|1|1|0|0|0
RZ1|CHK|327|1|18|11|3|0|0|2|18|0|1|8
RZ1|328|1|Don|5|0|9|101|1|1|0|0|0
RZ1|CHK|328|1|18|11|3|0|0|1|18|0|1|9
RZ1|329|1|Don|5|0|9|102|1|1|0|0|0
RZ1|CHK|329|1|18|11|3|0|0|0|18|0|1|10
[jmi​#8380] Monkey D. Luffy ["OP17-093">OP17-093] attacking Sabo ["OP13-004">OP13-004]
[ScorpioLegacy​#4729] Discard Roronoa Zoro ["OP17-095">OP17-095] for Counter 2000
RZ1|330|2|OP17-095|1|4|6|9|1|1|0|0|0
RZ1|CHK|330|2|31|4|5|0|0|9|10|0|1|1
[ScorpioLegacy​#4729] Discard Nami ["OP01-016">OP01-016] for Counter 1000
RZ1|331|2|OP01-016|1|1|6|10|1|1|0|0|0
RZ1|CHK|331|2|31|3|5|0|0|9|11|0|1|1
[ScorpioLegacy​#4729] Discard Nami ["OP17-086">OP17-086] for Counter 1000
RZ1|332|2|OP17-086|1|1|6|11|1|1|0|0|0
RZ1|CHK|332|2|31|2|5|0|0|9|12|0|1|1
[ScorpioLegacy​#4729] Discard Nico Robin ["OP17-087">OP17-087] for Counter 1000
RZ1|333|2|OP17-087|1|0|6|12|1|1|0|0|0
RZ1|CHK|333|2|31|1|5|0|0|9|13|0|1|1
[ScorpioLegacy​#4729] Concedes!
[jmi​#8380] <b>Downloaded the Combat Log!</b>
GameOver
